{
    "width": 720.0,
    "height": 480.0,
    "nr_nodes": 16,
    "side": 4,
    "x_interval": 180.0,
    "y_interval": 120.0,
    "nr_fields": 4,
    "grid_matrix": [
        [
            {
                "centroid": [
                    90.0,
                    60.0
                ],
                "x_limits": [
                    0,
                    180
                ],
                "y_limits": [
                    0,
                    120
                ],
                "motion_vectors": [
                    [
                        0.0,
                        0.0
                    ],
                    [
                        0.0,
                        0.0
                    ],
                    [
                        0.0,
                        0.0
                    ],
                    [
                        0.0,
                        0.0
                    ]
                ],
                "transition_matrix": [
                    [
                        0.510925788981099,
                        0.2861115753997149,
                        0.15208502090149506,
                        0.05087761471769101
                    ],
                    [
                        0.48948424244257194,
                        0.2943205195174571,
                        0.16075159194305647,
                        0.05544364609691439
                    ],
                    [
                        0.45301814761471804,
                        0.30782911611805064,
                        0.17566184683854047,
                        0.063490889428691
                    ],
                    [
                        0.42628625139710624,
                        0.31981054567543366,
                        0.18567543651475324,
                        0.06822776641270682
                    ]
                ],
                "motion_vectors_variance": [
                    1.101062589173449,
                    1.100794027653568,
                    1.100702283005167,
                    1.1006001600022806
                ],
                "motion_vectors_priors": [
                    0.3213965980304387,
                    0.2873769024171889,
                    0.23276633840644584,
                    0.1584601611459266
                ],
                "init_position_prior": 0.13793103448275862
            },
            {
                "centroid": [
                    90.0,
                    180.0
                ],
                "x_limits": [
                    0,
                    180
                ],
                "y_limits": [
                    120,
                    240
                ],
                "motion_vectors": [
                    [
                        0.0,
                        0.0
                    ],
                    [
                        0.0,
                        0.0
                    ],
                    [
                        0.0,
                        0.0
                    ],
                    [
                        0.0,
                        0.0
                    ]
                ],
                "transition_matrix": [
                    [
                        0.511456396698335,
                        0.28569629178067796,
                        0.15188089617778636,
                        0.05096641534320072
                    ],
                    [
                        0.48877493082904205,
                        0.2945057793241884,
                        0.16106045486373932,
                        0.055658834983030224
                    ],
                    [
                        0.4520795572896694,
                        0.30821789082016293,
                        0.17604738601114608,
                        0.0636551658790216
                    ],
                    [
                        0.4261839428716987,
                        0.31992711284042524,
                        0.1856790177098918,
                        0.06820992657798426
                    ]
                ],
                "motion_vectors_variance": [
                    1.0313773671219288,
                    1.0313413831103706,
                    1.0313433063257653,
                    1.031418325686627
                ],
                "motion_vectors_priors": [
                    0.46835443037974683,
                    0.2805907172995781,
                    0.22257383966244726,
                    0.028481012658227847
                ],
                "init_position_prior": 0.13793103448275862
            },
            {
                "centroid": [
                    90.0,
                    300.0
                ],
                "x_limits": [
                    0,
                    180
                ],
                "y_limits": [
                    240,
                    360
                ],
                "motion_vectors": [
                    [
                        0.0,
                        0.0
                    ],
                    [
                        0.0,
                        0.0
                    ],
                    [
                        0.0,
                        0.0
                    ],
                    [
                        0.0,
                        0.0
                    ]
                ],
                "transition_matrix": [
                    [
                        0.5131275595769978,
                        0.2846609335112707,
                        0.1511672964162543,
                        0.051044210495477166
                    ],
                    [
                        0.48800402123848674,
                        0.2946712489132769,
                        0.16138490535650593,
                        0.05593982449173053
                    ],
                    [
                        0.45071748725161004,
                        0.3087905971575999,
                        0.17659948724561678,
                        0.06389242834517311
                    ],
                    [
                        0.42600342751054043,
                        0.3201012523561037,
                        0.18570056395380813,
                        0.06819475617954754
                    ]
                ],
                "motion_vectors_variance": [
                    1.165770258613466,
                    1.1661958917743216,
                    1.1663574579638443,
                    1.1665904142202672
                ],
                "motion_vectors_priors": [
                    0.4758933635847986,
                    0.35450935904707886,
                    0.13272830402722632,
                    0.0368689733408962
                ],
                "init_position_prior": 0.034482758620689655
            },
            {
                "centroid": [
                    90.0,
                    420.0
                ],
                "x_limits": [
                    0,
                    180
                ],
                "y_limits": [
                    360,
                    480
                ],
                "motion_vectors": [
                    [
                        0.0,
                        0.0
                    ],
                    [
                        0.0,
                        0.0
                    ],
                    [
                        0.0,
                        0.0
                    ],
                    [
                        0.0,
                        0.0
                    ]
                ],
                "transition_matrix": [
                    [
                        0.5132780776467283,
                        0.2839506270476315,
                        0.15108638326909585,
                        0.05168491203654441
                    ],
                    [
                        0.4867405952807674,
                        0.29501401292930396,
                        0.16192489348745506,
                        0.05632049830247349
                    ],
                    [
                        0.44965713594800943,
                        0.3092583016541142,
                        0.1770363831315736,
                        0.06404817926630275
                    ],
                    [
                        0.4259197853684112,
                        0.3202477033047417,
                        0.18567668181701924,
                        0.0681558295098278
                    ]
                ],
                "motion_vectors_variance": [
                    0.8358210836894134,
                    0.8356394393600035,
                    0.835547629790743,
                    0.8353474302709772
                ],
                "motion_vectors_priors": [
                    0.3888888888888889,
                    0.3817663817663818,
                    0.1574074074074074,
                    0.07193732193732194
                ],
                "init_position_prior": 0.06896551724137931
            }
        ],
        [
            {
                "centroid": [
                    270.0,
                    60.0
                ],
                "x_limits": [
                    180,
                    360
                ],
                "y_limits": [
                    0,
                    120
                ],
                "motion_vectors": [
                    [
                        0.0,
                        0.0
                    ],
                    [
                        0.0,
                        0.0
                    ],
                    [
                        0.0,
                        0.0
                    ],
                    [
                        0.0,
                        0.0
                    ]
                ],
                "transition_matrix": [
                    [
                        0.47577037679341283,
                        0.29930208028810246,
                        0.16643547140243686,
                        0.058492071516047905
                    ],
                    [
                        0.49650389335120176,
                        0.29180105217675595,
                        0.1580063318851527,
                        0.05368872258688957
                    ],
                    [
                        0.5303219089491343,
                        0.2788603599201562,
                        0.14450232989060074,
                        0.04631540124010862
                    ],
                    [
                        0.5606301319683522,
                        0.2706030160998941,
                        0.12931155127729996,
                        0.0394553006544537
                    ]
                ],
                "motion_vectors_variance": [
                    0.8685326853023848,
                    0.8682894371101947,
                    0.868180544234584,
                    0.86805932855314
                ],
                "motion_vectors_priors": [
                    0.5412782956058588,
                    0.2589880159786951,
                    0.1644474034620506,
                    0.035286284953395475
                ],
                "init_position_prior": 0.10344827586206896
            },
            {
                "centroid": [
                    270.0,
                    180.0
                ],
                "x_limits": [
                    180,
                    360
                ],
                "y_limits": [
                    120,
                    240
                ],
                "motion_vectors": [
                    [
                        0.0,
                        0.0
                    ],
                    [
                        0.0,
                        0.0
                    ],
                    [
                        0.0,
                        0.0
                    ],
                    [
                        0.0,
                        0.0
                    ]
                ],
                "transition_matrix": [
                    [
                        0.47840077734480035,
                        0.29829793792059467,
                        0.165386226341722,
                        0.057915058392882794
                    ],
                    [
                        0.49752430227293876,
                        0.2914695928631005,
                        0.15762551250604143,
                        0.05338059235791924
                    ],
                    [
                        0.530719852373223,
                        0.2788042958828959,
                        0.1443385791058652,
                        0.046137272638015696
                    ],
                    [
                        0.5607565966620244,
                        0.2706310386073887,
                        0.12921506283967843,
                        0.03939730189090837
                    ]
                ],
                "motion_vectors_variance": [
                    1.295281985520391,
                    1.2955898321146286,
                    1.2957231533069093,
                    1.295884501512744
                ],
                "motion_vectors_priors": [
                    0.4261766602192134,
                    0.3965183752417795,
                    0.1470019342359768,
                    0.030303030303030304
                ],
                "init_position_prior": 0.06896551724137931
            },
            {
                "centroid": [
                    270.0,
                    300.0
                ],
                "x_limits": [
                    180,
                    360
                ],
                "y_limits": [
                    240,
                    360
                ],
                "motion_vectors": [
                    [
                        0.0,
                        0.0
                    ],
                    [
                        0.0,
                        0.0
                    ],
                    [
                        0.0,
                        0.0
                    ],
                    [
                        0.0,
                        0.0
                    ]
                ],
                "transition_matrix": [
                    [
                        0.4856088818222857,
                        0.29552291052633634,
                        0.16250541645739192,
                        0.056362791193986024
                    ],
                    [
                        0.49961875532726013,
                        0.2907835348971469,
                        0.15684245434232136,
                        0.05275525543327164
                    ],
                    [
                        0.5314099668976165,
                        0.27871067667014127,
                        0.14405422949385144,
                        0.04582512693839077
                    ],
                    [
                        0.5609637566875441,
                        0.27067987380058534,
                        0.12905534856344067,
                        0.0393010209484299
                    ]
                ],
                "motion_vectors_variance": [
                    0.7598064371312987,
                    0.7605250646115096,
                    0.7608625026275004,
                    0.7615145832615171
                ],
                "motion_vectors_priors": [
                    0.6474184782608695,
                    0.19904891304347827,
                    0.11277173913043478,
                    0.04076086956521739
                ],
                "init_position_prior": 0.0
            },
            {
                "centroid": [
                    270.0,
                    420.0
                ],
                "x_limits": [
                    180,
                    360
                ],
                "y_limits": [
                    360,
                    480
                ],
                "motion_vectors": [
                    [
                        0.0,
                        0.0
                    ],
                    [
                        0.0,
                        0.0
                    ],
                    [
                        0.0,
                        0.0
                    ],
                    [
                        0.0,
                        0.0
                    ]
                ],
                "transition_matrix": [
                    [
                        0.48699048609215656,
                        0.2949311962848565,
                        0.16197240833085863,
                        0.056105909292128456
                    ],
                    [
                        0.5005767244532279,
                        0.29046214888844857,
                        0.1564878146846578,
                        0.05247331197366589
                    ],
                    [
                        0.5320895838973755,
                        0.27852816302098077,
                        0.14377734622477212,
                        0.045604906856871595
                    ],
                    [
                        0.5611345959507998,
                        0.27067318629276593,
                        0.1289507403227023,
                        0.039241477433731985
                    ]
                ],
                "motion_vectors_variance": [
                    1.4327992391624234,
                    1.4334637873138352,
                    1.4337896555285687,
                    1.4344171910582597
                ],
                "motion_vectors_priors": [
                    0.6797020484171322,
                    0.19646182495344505,
                    0.07635009310986965,
                    0.04748603351955307
                ],
                "init_position_prior": 0.06896551724137931
            }
        ],
        [
            {
                "centroid": [
                    450.0,
                    60.0
                ],
                "x_limits": [
                    360,
                    540
                ],
                "y_limits": [
                    0,
                    120
                ],
                "motion_vectors": [
                    [
                        0.0,
                        0.0
                    ],
                    [
                        0.0,
                        0.0
                    ],
                    [
                        0.0,
                        0.0
                    ],
                    [
                        0.0,
                        0.0
                    ]
                ],
                "transition_matrix": [
                    [
                        0.4688519818230344,
                        0.30178560843066365,
                        0.1692466881463968,
                        0.06011572159990518
                    ],
                    [
                        0.4942865687645094,
                        0.2920410057556954,
                        0.15874866884813219,
                        0.054923756631663004
                    ],
                    [
                        0.5295606374317248,
                        0.2774349647520163,
                        0.14483089512667632,
                        0.04817350268958258
                    ],
                    [
                        0.5386358873367155,
                        0.27154889994039316,
                        0.14150968690727156,
                        0.04830552581561967
                    ]
                ],
                "motion_vectors_variance": [
                    0.4690336586504467,
                    0.46907920318748175,
                    0.4690991488932274,
                    0.4691259277509696
                ],
                "motion_vectors_priors": [
                    0.32075471698113206,
                    0.2830188679245283,
                    0.22523584905660377,
                    0.17099056603773585
                ],
                "init_position_prior": 0.06896551724137931
            },
            {
                "centroid": [
                    450.0,
                    180.0
                ],
                "x_limits": [
                    360,
                    540
                ],
                "y_limits": [
                    120,
                    240
                ],
                "motion_vectors": [
                    [
                        0.0,
                        0.0
                    ],
                    [
                        0.0,
                        0.0
                    ],
                    [
                        0.0,
                        0.0
                    ],
                    [
                        0.0,
                        0.0
                    ]
                ],
                "transition_matrix": [
                    [
                        0.4706540018604775,
                        0.30098683507385765,
                        0.1685028415316703,
                        0.05985632153399456
                    ],
                    [
                        0.4941305611640544,
                        0.2919898586403597,
                        0.15880886868610983,
                        0.05507071150947614
                    ],
                    [
                        0.5264914866571431,
                        0.2785535650094185,
                        0.14604835541682076,
                        0.0489065929166177
                    ],
                    [
                        0.534416215178244,
                        0.27336115016035767,
                        0.14294151498097113,
                        0.04928111968042723
                    ]
                ],
                "motion_vectors_variance": [
                    0.2625792056758531,
                    0.26281439452967775,
                    0.26277629355435683,
                    0.2620985056282597
                ],
                "motion_vectors_priors": [
                    0.47692307692307695,
                    0.3333333333333333,
                    0.15897435897435896,
                    0.03076923076923077
                ],
                "init_position_prior": 0.13793103448275862
            },
            {
                "centroid": [
                    450.0,
                    300.0
                ],
                "x_limits": [
                    360,
                    540
                ],
                "y_limits": [
                    240,
                    360
                ],
                "motion_vectors": [
                    [
                        0.0,
                        0.0
                    ],
                    [
                        0.0,
                        0.0
                    ],
                    [
                        0.0,
                        0.0
                    ],
                    [
                        0.0,
                        0.0
                    ]
                ],
                "transition_matrix": [
                    [
                        0.47676841412195603,
                        0.2978343699351313,
                        0.16589633192580333,
                        0.05950088401710936
                    ],
                    [
                        0.49429374250461566,
                        0.2913154679484182,
                        0.1586784828267155,
                        0.05571230672025058
                    ],
                    [
                        0.5196285779407427,
                        0.280939758472082,
                        0.14874370211719246,
                        0.05068796146998277
                    ],
                    [
                        0.5272803617541832,
                        0.27642017707258454,
                        0.1453249442782088,
                        0.05097451689502356
                    ]
                ],
                "motion_vectors_variance": [
                    0.9014089229072743,
                    0.9009532560423154,
                    0.9004755488591318,
                    0.8986514169220636
                ],
                "motion_vectors_priors": [
                    0.5213903743315508,
                    0.35472370766488415,
                    0.0748663101604278,
                    0.049019607843137254
                ],
                "init_position_prior": 0.10344827586206896
            },
            {
                "centroid": [
                    450.0,
                    420.0
                ],
                "x_limits": [
                    360,
                    540
                ],
                "y_limits": [
                    360,
                    480
                ],
                "motion_vectors": [
                    [
                        0.0,
                        0.0
                    ],
                    [
                        0.0,
                        0.0
                    ],
                    [
                        0.0,
                        0.0
                    ],
                    [
                        0.0,
                        0.0
                    ]
                ],
                "transition_matrix": [
                    [
                        0.5003359874433927,
                        0.28562061851623083,
                        0.15587065307208664,
                        0.05817274096828977
                    ],
                    [
                        0.4940881786153099,
                        0.28985344588599143,
                        0.1586191419192822,
                        0.05743923357941641
                    ],
                    [
                        0.5101979364098265,
                        0.2842262823414724,
                        0.15245090648307746,
                        0.0531248747656237
                    ],
                    [
                        0.5222324493892737,
                        0.27859704113907036,
                        0.14700579831756538,
                        0.05216471115409074
                    ]
                ],
                "motion_vectors_variance": [
                    0.0,
                    0.0,
                    0.0,
                    0.0
                ],
                "motion_vectors_priors": [
                    2e-323,
                    2e-323,
                    1.6e-322,
                    4e-323
                ],
                "init_position_prior": 0.0
            }
        ],
        [
            {
                "centroid": [
                    630.0,
                    60.0
                ],
                "x_limits": [
                    540,
                    720
                ],
                "y_limits": [
                    0,
                    120
                ],
                "motion_vectors": [
                    [
                        0.0,
                        0.0
                    ],
                    [
                        0.0,
                        0.0
                    ],
                    [
                        0.0,
                        0.0
                    ],
                    [
                        0.0,
                        0.0
                    ]
                ],
                "transition_matrix": [
                    [
                        0.5121725853706947,
                        0.2806137260636765,
                        0.15079201399022046,
                        0.056421674575408316
                    ],
                    [
                        0.516119189323009,
                        0.27206662711439494,
                        0.14817234885092137,
                        0.06364183471167466
                    ],
                    [
                        0.5253637273859721,
                        0.25441353230345,
                        0.14234828556041781,
                        0.0778744547501599
                    ],
                    [
                        0.5419629214728293,
                        0.23244596970974643,
                        0.1327743040251085,
                        0.09281680479231573
                    ]
                ],
                "motion_vectors_variance": [
                    6.034520235467981,
                    6.03714353747336,
                    6.036488316848253,
                    6.0286845211047915
                ],
                "motion_vectors_priors": [
                    0.39473684210526316,
                    0.3263157894736842,
                    0.15789473684210525,
                    0.12105263157894737
                ],
                "init_position_prior": 0.034482758620689655
            },
            {
                "centroid": [
                    630.0,
                    180.0
                ],
                "x_limits": [
                    540,
                    720
                ],
                "y_limits": [
                    120,
                    240
                ],
                "motion_vectors": [
                    [
                        0.0,
                        0.0
                    ],
                    [
                        0.0,
                        0.0
                    ],
                    [
                        0.0,
                        0.0
                    ],
                    [
                        0.0,
                        0.0
                    ]
                ],
                "transition_matrix": [
                    [
                        0.5159269488229423,
                        0.2754631080090488,
                        0.14869206528337725,
                        0.05991787788463168
                    ],
                    [
                        0.5186784911508552,
                        0.2688200502718306,
                        0.14677520229906083,
                        0.06572625627825356
                    ],
                    [
                        0.5265289366612632,
                        0.25338506497109947,
                        0.14176755974384792,
                        0.07831843862378941
                    ],
                    [
                        0.5419125271003115,
                        0.23271837723683148,
                        0.13281326927931128,
                        0.09255582638354602
                    ]
                ],
                "motion_vectors_variance": [
                    9.96247346330309,
                    9.962070474730883,
                    9.962212853339757,
                    9.963447106545244
                ],
                "motion_vectors_priors": [
                    0.5046296296296297,
                    0.23148148148148148,
                    0.14814814814814814,
                    0.11574074074074074
                ],
                "init_position_prior": 0.0
            },
            {
                "centroid": [
                    630.0,
                    300.0
                ],
                "x_limits": [
                    540,
                    720
                ],
                "y_limits": [
                    240,
                    360
                ],
                "motion_vectors": [
                    [
                        0.0,
                        0.0
                    ],
                    [
                        0.0,
                        0.0
                    ],
                    [
                        0.0,
                        0.0
                    ],
                    [
                        0.0,
                        0.0
                    ]
                ],
                "transition_matrix": [
                    [
                        0.5254895909634391,
                        0.26189147190296763,
                        0.14326495661632302,
                        0.06935398051727032
                    ],
                    [
                        0.5237853408546821,
                        0.2621286033969643,
                        0.14393661926845183,
                        0.07014943647990178
                    ],
                    [
                        0.5281123657400841,
                        0.25217218115484896,
                        0.14099075881351628,
                        0.07872469429155064
                    ],
                    [
                        0.5414475955588979,
                        0.23369078772067192,
                        0.13309163309662722,
                        0.09176998362380298
                    ]
                ],
                "motion_vectors_variance": [
                    3.255049943250182,
                    3.2563937271960945,
                    3.2561424188922805,
                    3.253185399556172
                ],
                "motion_vectors_priors": [
                    0.698005698005698,
                    0.1908831908831909,
                    0.07977207977207977,
                    0.03133903133903134
                ],
                "init_position_prior": 0.0
            },
            {
                "centroid": [
                    630.0,
                    420.0
                ],
                "x_limits": [
                    540,
                    720
                ],
                "y_limits": [
                    360,
                    480
                ],
                "motion_vectors": [
                    [
                        0.0,
                        0.0
                    ],
                    [
                        0.0,
                        0.0
                    ],
                    [
                        0.0,
                        0.0
                    ],
                    [
                        0.0,
                        0.0
                    ]
                ],
                "transition_matrix": [
                    [
                        0.5295410470610982,
                        0.2546365029164329,
                        0.14074296461017693,
                        0.07507948541229204
                    ],
                    [
                        0.5274007432850363,
                        0.25733466349448214,
                        0.14192916736265965,
                        0.07333542585782195
                    ],
                    [
                        0.5299280862892815,
                        0.25077361517590047,
                        0.1401216186273349,
                        0.07917667990748319
                    ],
                    [
                        0.5413629667202449,
                        0.2341429951495946,
                        0.13316078423491337,
                        0.09133325389524716
                    ]
                ],
                "motion_vectors_variance": [
                    3.4455585962685165,
                    3.4513313363624625,
                    3.449881067152661,
                    3.4363324931671895
                ],
                "motion_vectors_priors": [
                    0.5344827586206896,
                    0.17672413793103448,
                    0.14655172413793102,
                    0.14224137931034483
                ],
                "init_position_prior": 0.034482758620689655
            }
        ]
    ]
}