{
    "width": 720.0,
    "height": 480.0,
    "nr_nodes": 16,
    "side": 4,
    "x_interval": 180.0,
    "y_interval": 120.0,
    "nr_fields": 6,
    "grid_matrix": [
        [
            {
                "centroid": [
                    90.0,
                    60.0
                ],
                "x_limits": [
                    0,
                    180
                ],
                "y_limits": [
                    0,
                    120
                ],
                "motion_vectors": [
                    [
                        0.0,
                        0.0
                    ],
                    [
                        0.0,
                        0.0
                    ],
                    [
                        0.0,
                        0.0
                    ],
                    [
                        0.0,
                        0.0
                    ],
                    [
                        0.0,
                        0.0
                    ],
                    [
                        0.0,
                        0.0
                    ]
                ],
                "transition_matrix": [
                    [
                        0.45542669343253606,
                        0.23282330127287032,
                        0.13062227611527846,
                        0.09817489303594829,
                        0.04928280614100225,
                        0.03367003000236456
                    ],
                    [
                        0.4359582272615155,
                        0.2423837354483148,
                        0.13447606498434736,
                        0.09911440565056631,
                        0.05272399247852387,
                        0.035343574176732166
                    ],
                    [
                        0.4006792924792999,
                        0.25814126012287086,
                        0.14269533953203525,
                        0.10097071345277057,
                        0.05897504276549848,
                        0.03853835164752494
                    ],
                    [
                        0.38525635491153987,
                        0.26591018118214566,
                        0.14369888136451928,
                        0.10038281242268748,
                        0.06351766485618338,
                        0.04123410526292433
                    ],
                    [
                        0.3725493965403664,
                        0.276239758077936,
                        0.14253658582924802,
                        0.09798271106752882,
                        0.06699032732328433,
                        0.04370122116163648
                    ],
                    [
                        0.3713056065695561,
                        0.27965036956546313,
                        0.14210341096459717,
                        0.09691065081431244,
                        0.0666532644730998,
                        0.04337669761297145
                    ]
                ],
                "motion_vectors_variance": [
                    1.1011007542950577,
                    1.1006694648622635,
                    1.100767904325898,
                    1.1008757098938509,
                    1.10050866595687,
                    1.1005703130683058
                ],
                "motion_vectors_priors": [
                    0.22112802148612354,
                    0.19068934646374217,
                    0.18621307072515667,
                    0.144136078782453,
                    0.135183527305282,
                    0.12264995523724262
                ],
                "init_position_prior": 0.13793103448275862
            },
            {
                "centroid": [
                    90.0,
                    180.0
                ],
                "x_limits": [
                    0,
                    180
                ],
                "y_limits": [
                    120,
                    240
                ],
                "motion_vectors": [
                    [
                        0.0,
                        0.0
                    ],
                    [
                        0.0,
                        0.0
                    ],
                    [
                        0.0,
                        0.0
                    ],
                    [
                        0.0,
                        0.0
                    ],
                    [
                        0.0,
                        0.0
                    ],
                    [
                        0.0,
                        0.0
                    ]
                ],
                "transition_matrix": [
                    [
                        0.45548660108932837,
                        0.2324477730104832,
                        0.13053260832712943,
                        0.098265097350496,
                        0.04946681949011333,
                        0.03380110073244969
                    ],
                    [
                        0.43502988246158725,
                        0.24257730289325555,
                        0.13465582223576025,
                        0.09926025881813719,
                        0.05298401968131597,
                        0.03549271390994374
                    ],
                    [
                        0.399562635460189,
                        0.2585211319529933,
                        0.14300910548826953,
                        0.10111557017401038,
                        0.059157437640611536,
                        0.038634119283926315
                    ],
                    [
                        0.38452207335234634,
                        0.26623385473599276,
                        0.14387331862891295,
                        0.10044779608584545,
                        0.06362469227583116,
                        0.041298264921071214
                    ],
                    [
                        0.37240042736781176,
                        0.27641066588102225,
                        0.14253854417372747,
                        0.09796005077759676,
                        0.06698220203753363,
                        0.04370810976230806
                    ],
                    [
                        0.37129477860495824,
                        0.2797426609683629,
                        0.14209080659726012,
                        0.09688608615201874,
                        0.06662196069002396,
                        0.043363706987376086
                    ]
                ],
                "motion_vectors_variance": [
                    1.0313628867973839,
                    1.0313594498257015,
                    1.0313806522924032,
                    1.0314129904884455,
                    1.0314508795106576,
                    1.03145924929103
                ],
                "motion_vectors_priors": [
                    0.410337552742616,
                    0.24261603375527427,
                    0.14662447257383968,
                    0.10337552742616034,
                    0.06856540084388185,
                    0.028481012658227847
                ],
                "init_position_prior": 0.13793103448275862
            },
            {
                "centroid": [
                    90.0,
                    300.0
                ],
                "x_limits": [
                    0,
                    180
                ],
                "y_limits": [
                    240,
                    360
                ],
                "motion_vectors": [
                    [
                        0.0,
                        0.0
                    ],
                    [
                        0.0,
                        0.0
                    ],
                    [
                        0.0,
                        0.0
                    ],
                    [
                        0.0,
                        0.0
                    ],
                    [
                        0.0,
                        0.0
                    ],
                    [
                        0.0,
                        0.0
                    ]
                ],
                "transition_matrix": [
                    [
                        0.45627664423064473,
                        0.23135264589104257,
                        0.1302261546981984,
                        0.09849818345718489,
                        0.04965174338204319,
                        0.0339946283408863
                    ],
                    [
                        0.43395068725090485,
                        0.24268343775031728,
                        0.13485619105744018,
                        0.09950257816848533,
                        0.053310458914708835,
                        0.03569664685814345
                    ],
                    [
                        0.39801146563427386,
                        0.25904787169183846,
                        0.14344508163025493,
                        0.10132328648254349,
                        0.05940505665960843,
                        0.038767237901480844
                    ],
                    [
                        0.38349069352245246,
                        0.26669207395593164,
                        0.14411401867792786,
                        0.10053710776014829,
                        0.06377592261626523,
                        0.041390183467274355
                    ],
                    [
                        0.37217646345536126,
                        0.27665087853325304,
                        0.1425448158396863,
                        0.09792910482788626,
                        0.06697801384712157,
                        0.04372072349669165
                    ],
                    [
                        0.3712562251550683,
                        0.2798721364671204,
                        0.14207739587416318,
                        0.0968545256753515,
                        0.06658859048315542,
                        0.043351126345141114
                    ]
                ],
                "motion_vectors_variance": [
                    1.1656887315550315,
                    1.166428103334206,
                    1.16628709732691,
                    1.166124985639814,
                    1.1667824107013618,
                    1.1666737257760282
                ],
                "motion_vectors_priors": [
                    0.43732274532047644,
                    0.34429948950652295,
                    0.09245604083947816,
                    0.07997731140102099,
                    0.02949517867271696,
                    0.016449234259784458
                ],
                "init_position_prior": 0.034482758620689655
            },
            {
                "centroid": [
                    90.0,
                    420.0
                ],
                "x_limits": [
                    0,
                    180
                ],
                "y_limits": [
                    360,
                    480
                ],
                "motion_vectors": [
                    [
                        0.0,
                        0.0
                    ],
                    [
                        0.0,
                        0.0
                    ],
                    [
                        0.0,
                        0.0
                    ],
                    [
                        0.0,
                        0.0
                    ],
                    [
                        0.0,
                        0.0
                    ],
                    [
                        0.0,
                        0.0
                    ]
                ],
                "transition_matrix": [
                    [
                        0.45374596056301947,
                        0.23132463278658338,
                        0.13041660337059235,
                        0.09898389496656494,
                        0.0507869633061151,
                        0.03474194500712472
                    ],
                    [
                        0.43182530800977337,
                        0.24318300250964964,
                        0.13527131518330654,
                        0.0998254349107437,
                        0.05386572267766714,
                        0.03602921670885951
                    ],
                    [
                        0.39659056118995445,
                        0.25949265368159513,
                        0.14386994571706838,
                        0.10154291679162368,
                        0.05961933456502876,
                        0.03888458805472971
                    ],
                    [
                        0.38267994383280973,
                        0.2670402503090555,
                        0.1443316203848583,
                        0.10063376901980749,
                        0.06386499824960987,
                        0.04144941820385907
                    ],
                    [
                        0.3720669619827304,
                        0.27683963768887876,
                        0.14253704701039344,
                        0.0979018349999812,
                        0.06693829635487604,
                        0.043716221963140206
                    ],
                    [
                        0.3712653938639191,
                        0.27997784096644823,
                        0.14205784036661798,
                        0.09682659184435688,
                        0.0665397961563938,
                        0.04333253680226399
                    ]
                ],
                "motion_vectors_variance": [
                    0.8358839164985228,
                    0.8354923834168955,
                    0.8355367984616452,
                    0.8355963216853973,
                    0.8352064095384476,
                    0.8352699915377956
                ],
                "motion_vectors_priors": [
                    0.3789173789173789,
                    0.36182336182336183,
                    0.15883190883190884,
                    0.05128205128205128,
                    0.037037037037037035,
                    0.012108262108262107
                ],
                "init_position_prior": 0.06896551724137931
            }
        ],
        [
            {
                "centroid": [
                    270.0,
                    60.0
                ],
                "x_limits": [
                    180,
                    360
                ],
                "y_limits": [
                    0,
                    120
                ],
                "motion_vectors": [
                    [
                        0.0,
                        0.0
                    ],
                    [
                        0.0,
                        0.0
                    ],
                    [
                        0.0,
                        0.0
                    ],
                    [
                        0.0,
                        0.0
                    ],
                    [
                        0.0,
                        0.0
                    ],
                    [
                        0.0,
                        0.0
                    ]
                ],
                "transition_matrix": [
                    [
                        0.4091262470574285,
                        0.255341077057907,
                        0.13918548058833488,
                        0.09947972200912125,
                        0.05844172276411031,
                        0.03842575052309806
                    ],
                    [
                        0.42741000905094084,
                        0.24588544507247068,
                        0.13595209509619138,
                        0.0991847369409946,
                        0.05480298868768496,
                        0.03676472515171746
                    ],
                    [
                        0.4599323064962908,
                        0.23059945588053984,
                        0.1292482061623772,
                        0.0980876143620771,
                        0.048634337555772775,
                        0.03349807954294216
                    ],
                    [
                        0.4754820641377365,
                        0.22346977470750065,
                        0.12765959113751607,
                        0.09809438951465767,
                        0.04436139629854532,
                        0.030932784204043745
                    ],
                    [
                        0.494841556165743,
                        0.216380322988053,
                        0.12430806416580009,
                        0.09700260496848391,
                        0.039368300553088806,
                        0.02809915115883103
                    ],
                    [
                        0.5010397791250478,
                        0.21490555573059753,
                        0.1227464465801649,
                        0.09626961948828952,
                        0.03772230640720117,
                        0.02731629266869905
                    ]
                ],
                "motion_vectors_variance": [
                    0.8685687832049646,
                    0.8681679815629635,
                    0.8682349370241417,
                    0.8683391709059475,
                    0.8679632331463195,
                    0.8680476570716812
                ],
                "motion_vectors_priors": [
                    0.34354194407456723,
                    0.23635153129161118,
                    0.22303595206391477,
                    0.14314247669773636,
                    0.035286284953395475,
                    0.018641810918774968
                ],
                "init_position_prior": 0.10344827586206896
            },
            {
                "centroid": [
                    270.0,
                    180.0
                ],
                "x_limits": [
                    180,
                    360
                ],
                "y_limits": [
                    120,
                    240
                ],
                "motion_vectors": [
                    [
                        0.0,
                        0.0
                    ],
                    [
                        0.0,
                        0.0
                    ],
                    [
                        0.0,
                        0.0
                    ],
                    [
                        0.0,
                        0.0
                    ],
                    [
                        0.0,
                        0.0
                    ],
                    [
                        0.0,
                        0.0
                    ]
                ],
                "transition_matrix": [
                    [
                        0.41267551163659316,
                        0.25346738365554533,
                        0.1385759163137553,
                        0.09948358264966883,
                        0.05772662834889738,
                        0.03807097739554003
                    ],
                    [
                        0.42878706984851256,
                        0.24504177424009363,
                        0.13580582262599258,
                        0.09929477570319499,
                        0.05446930492883568,
                        0.036601252653370615
                    ],
                    [
                        0.46040157985641594,
                        0.2302622003791716,
                        0.12929345646596258,
                        0.09820382795656274,
                        0.04844227260112603,
                        0.033396662740761
                    ],
                    [
                        0.4758597534801817,
                        0.22329146409977152,
                        0.12765136414845565,
                        0.09813869070385609,
                        0.04420490499144512,
                        0.03085382257628995
                    ],
                    [
                        0.4951071267906597,
                        0.21635651988358617,
                        0.12423698432228614,
                        0.09696465863987623,
                        0.03927680589138553,
                        0.02805790447220636
                    ],
                    [
                        0.501202447063243,
                        0.21490090211811094,
                        0.12269908853749574,
                        0.09623924977624843,
                        0.03766773016074939,
                        0.02729058234415251
                    ]
                ],
                "motion_vectors_variance": [
                    1.295236020797221,
                    1.2957509784333259,
                    1.2956543906181683,
                    1.2955143897987476,
                    1.2960004145265716,
                    1.2958866467730776
                ],
                "motion_vectors_priors": [
                    0.43584784010315925,
                    0.24500322372662797,
                    0.1399097356544165,
                    0.11605415860735009,
                    0.03288201160541586,
                    0.030303030303030304
                ],
                "init_position_prior": 0.06896551724137931
            },
            {
                "centroid": [
                    270.0,
                    300.0
                ],
                "x_limits": [
                    180,
                    360
                ],
                "y_limits": [
                    240,
                    360
                ],
                "motion_vectors": [
                    [
                        0.0,
                        0.0
                    ],
                    [
                        0.0,
                        0.0
                    ],
                    [
                        0.0,
                        0.0
                    ],
                    [
                        0.0,
                        0.0
                    ],
                    [
                        0.0,
                        0.0
                    ],
                    [
                        0.0,
                        0.0
                    ]
                ],
                "transition_matrix": [
                    [
                        0.42322821444439984,
                        0.24785615900246352,
                        0.1367498486377928,
                        0.09951004499424551,
                        0.05562170458286754,
                        0.03703402833823074
                    ],
                    [
                        0.43168813533341155,
                        0.24325564263900845,
                        0.13549370967463056,
                        0.09952997327608648,
                        0.053771564889365166,
                        0.036260974187497914
                    ],
                    [
                        0.4612280204556984,
                        0.22966194625234165,
                        0.12937796590820527,
                        0.0984143219699701,
                        0.04810102207967543,
                        0.03321672333410931
                    ],
                    [
                        0.47649941795932216,
                        0.22298848714572506,
                        0.1276394581770874,
                        0.09821625858706613,
                        0.04393727773271182,
                        0.0307191003980873
                    ],
                    [
                        0.49554797378008564,
                        0.21631939028302313,
                        0.12411810994353067,
                        0.09690076579567752,
                        0.03912437680878457,
                        0.027989383388898403
                    ],
                    [
                        0.5014715524410183,
                        0.2148945256551517,
                        0.12262025401107282,
                        0.09618839442977374,
                        0.03757726314872552,
                        0.027248010314257765
                    ]
                ],
                "motion_vectors_variance": [
                    0.759641656880248,
                    0.7610535256610148,
                    0.7608046335050386,
                    0.7604727909264212,
                    0.7619820086041992,
                    0.7616426846984851
                ],
                "motion_vectors_priors": [
                    0.6229619565217391,
                    0.2112771739130435,
                    0.06385869565217392,
                    0.057744565217391304,
                    0.028532608695652172,
                    0.015625
                ],
                "init_position_prior": 0.0
            },
            {
                "centroid": [
                    270.0,
                    420.0
                ],
                "x_limits": [
                    180,
                    360
                ],
                "y_limits": [
                    360,
                    480
                ],
                "motion_vectors": [
                    [
                        0.0,
                        0.0
                    ],
                    [
                        0.0,
                        0.0
                    ],
                    [
                        0.0,
                        0.0
                    ],
                    [
                        0.0,
                        0.0
                    ],
                    [
                        0.0,
                        0.0
                    ],
                    [
                        0.0,
                        0.0
                    ]
                ],
                "transition_matrix": [
                    [
                        0.42484145460442635,
                        0.24678407764385699,
                        0.13648838522337445,
                        0.09963040481718019,
                        0.05533534816286635,
                        0.036920329548295605
                    ],
                    [
                        0.43260417667381096,
                        0.24260442503865812,
                        0.13541946309590258,
                        0.09965082661595091,
                        0.053553736103217016,
                        0.036167372472460435
                    ],
                    [
                        0.46189415798067346,
                        0.22925543719637137,
                        0.12934433385743604,
                        0.09849161395233069,
                        0.04790075945795975,
                        0.03311369755522862
                    ],
                    [
                        0.47705546890990363,
                        0.2227307135907025,
                        0.12758314646328128,
                        0.09824043907419419,
                        0.0437614148225968,
                        0.030628817139321585
                    ],
                    [
                        0.49585262475230985,
                        0.21625315528040207,
                        0.12404723621509807,
                        0.09686963145174966,
                        0.03903196685472935,
                        0.027945385445711082
                    ],
                    [
                        0.501644204151389,
                        0.21486717010465983,
                        0.12257629313155842,
                        0.09616466533830761,
                        0.037524993560122684,
                        0.02722267371396241
                    ]
                ],
                "motion_vectors_variance": [
                    1.4326581360902995,
                    1.4339291260865181,
                    1.4337087518140845,
                    1.4334178657756844,
                    1.4348318116855692,
                    1.43451877295839
                ],
                "motion_vectors_priors": [
                    0.6052141527001862,
                    0.14804469273743018,
                    0.07635009310986965,
                    0.07262569832402235,
                    0.05307262569832402,
                    0.0446927374301676
                ],
                "init_position_prior": 0.06896551724137931
            }
        ],
        [
            {
                "centroid": [
                    450.0,
                    60.0
                ],
                "x_limits": [
                    360,
                    540
                ],
                "y_limits": [
                    0,
                    120
                ],
                "motion_vectors": [
                    [
                        0.0,
                        0.0
                    ],
                    [
                        0.0,
                        0.0
                    ],
                    [
                        0.0,
                        0.0
                    ],
                    [
                        0.0,
                        0.0
                    ],
                    [
                        0.0,
                        0.0
                    ],
                    [
                        0.0,
                        0.0
                    ]
                ],
                "transition_matrix": [
                    [
                        0.40017509560771664,
                        0.25972220285446984,
                        0.14079257102860407,
                        0.09968769481022544,
                        0.060261429460846574,
                        0.039361006238137465
                    ],
                    [
                        0.42257209309351496,
                        0.24825248518858792,
                        0.13634184924402193,
                        0.0990010322733638,
                        0.05625020961391895,
                        0.03758233058659241
                    ],
                    [
                        0.45742243317983217,
                        0.23231616386742365,
                        0.12803396815209342,
                        0.0969868209139448,
                        0.05059601526649867,
                        0.03464459862020743
                    ],
                    [
                        0.4702437021438147,
                        0.22523118691484162,
                        0.12719700511584234,
                        0.09743944551299683,
                        0.04734146890152352,
                        0.03254719141098085
                    ],
                    [
                        0.4734316449113093,
                        0.21844552760512934,
                        0.12961467171215205,
                        0.10057830901646007,
                        0.046323992520881666,
                        0.03160585423406751
                    ],
                    [
                        0.45566978935508756,
                        0.21867027468613842,
                        0.13303020021634682,
                        0.10512911068107893,
                        0.051818476545010386,
                        0.03568214851633783
                    ]
                ],
                "motion_vectors_variance": [
                    0.46902436261310504,
                    0.469106153782741,
                    0.4690897528121326,
                    0.4690693577574608,
                    0.46914745981790396,
                    0.46913216336742875
                ],
                "motion_vectors_priors": [
                    0.24764150943396226,
                    0.17806603773584906,
                    0.15683962264150944,
                    0.15330188679245282,
                    0.1403301886792453,
                    0.12382075471698113
                ],
                "init_position_prior": 0.06896551724137931
            },
            {
                "centroid": [
                    450.0,
                    180.0
                ],
                "x_limits": [
                    360,
                    540
                ],
                "y_limits": [
                    120,
                    240
                ],
                "motion_vectors": [
                    [
                        0.0,
                        0.0
                    ],
                    [
                        0.0,
                        0.0
                    ],
                    [
                        0.0,
                        0.0
                    ],
                    [
                        0.0,
                        0.0
                    ],
                    [
                        0.0,
                        0.0
                    ],
                    [
                        0.0,
                        0.0
                    ]
                ],
                "transition_matrix": [
                    [
                        0.4020953918226239,
                        0.25855843860825006,
                        0.1404024169637294,
                        0.0997229873585291,
                        0.05997848593674341,
                        0.039242279310124285
                    ],
                    [
                        0.42272894024180513,
                        0.24794767996489753,
                        0.1362991063142657,
                        0.0991151378521667,
                        0.056292799905890686,
                        0.03761633572097408
                    ],
                    [
                        0.45455789839942135,
                        0.23331322048910408,
                        0.12869999875561622,
                        0.09730735955626307,
                        0.05116199401476205,
                        0.03495952878483341
                    ],
                    [
                        0.466164968119667,
                        0.22680072430023665,
                        0.12796365720079245,
                        0.09777005484246004,
                        0.04822996359084083,
                        0.033070631946003064
                    ],
                    [
                        0.46885723567560617,
                        0.2202649474550631,
                        0.13041791449240261,
                        0.10096779613297717,
                        0.04728085038448537,
                        0.03221125585946576
                    ],
                    [
                        0.45081921754554266,
                        0.2200363816351772,
                        0.13382262908098647,
                        0.10577095347474075,
                        0.05303224557849784,
                        0.03651857268505487
                    ]
                ],
                "motion_vectors_variance": [
                    0.2627173626441963,
                    0.26258083573427443,
                    0.2625383313181742,
                    0.2623261129526616,
                    0.26182845164008184,
                    0.261754016560527
                ],
                "motion_vectors_priors": [
                    0.3333333333333333,
                    0.1794871794871795,
                    0.16923076923076924,
                    0.15897435897435896,
                    0.1282051282051282,
                    0.03076923076923077
                ],
                "init_position_prior": 0.13793103448275862
            },
            {
                "centroid": [
                    450.0,
                    300.0
                ],
                "x_limits": [
                    360,
                    540
                ],
                "y_limits": [
                    240,
                    360
                ],
                "motion_vectors": [
                    [
                        0.0,
                        0.0
                    ],
                    [
                        0.0,
                        0.0
                    ],
                    [
                        0.0,
                        0.0
                    ],
                    [
                        0.0,
                        0.0
                    ],
                    [
                        0.0,
                        0.0
                    ],
                    [
                        0.0,
                        0.0
                    ]
                ],
                "transition_matrix": [
                    [
                        0.40673341939601954,
                        0.25498991952812206,
                        0.13926635441757687,
                        0.10013001459623541,
                        0.05962742818440517,
                        0.03925286387764111
                    ],
                    [
                        0.42247181543977713,
                        0.24677890073435443,
                        0.13614006020852876,
                        0.09973719501726283,
                        0.056832646492930565,
                        0.03803938210714633
                    ],
                    [
                        0.4471360394322312,
                        0.23556080043442548,
                        0.13031022832609854,
                        0.09827763754422182,
                        0.05278977017090906,
                        0.035925524092113845
                    ],
                    [
                        0.45708968155999086,
                        0.2300114615100099,
                        0.12961185415177162,
                        0.09863639753077129,
                        0.05031330133985131,
                        0.03433730390760506
                    ],
                    [
                        0.4606146826357949,
                        0.22335637596894728,
                        0.1318827827496572,
                        0.10177199309615538,
                        0.04903808920181901,
                        0.03333607634762613
                    ],
                    [
                        0.44261633858079047,
                        0.22218970030652802,
                        0.13516409819892752,
                        0.10692480377360236,
                        0.0551314903642503,
                        0.0379735687759013
                    ]
                ],
                "motion_vectors_variance": [
                    0.9018523283474265,
                    0.9000471050197152,
                    0.9001354602074443,
                    0.9000889627341665,
                    0.8976906616464254,
                    0.8979070876699639
                ],
                "motion_vectors_priors": [
                    0.45454545454545453,
                    0.2905525846702317,
                    0.08377896613190731,
                    0.07575757575757576,
                    0.0481283422459893,
                    0.04723707664884135
                ],
                "init_position_prior": 0.10344827586206896
            },
            {
                "centroid": [
                    450.0,
                    420.0
                ],
                "x_limits": [
                    360,
                    540
                ],
                "y_limits": [
