{
    "width": 720.0,
    "height": 480.0,
    "nr_nodes": 25,
    "side": 5,
    "x_interval": 144.0,
    "y_interval": 96.0,
    "nr_fields": 4,
    "grid_matrix": [
        [
            {
                "centroid": [
                    72.0,
                    48.0
                ],
                "x_limits": [
                    0,
                    144
                ],
                "y_limits": [
                    0,
                    96
                ],
                "motion_vectors": [
                    [
                        0.0,
                        0.0
                    ],
                    [
                        0.0,
                        0.0
                    ],
                    [
                        0.0,
                        0.0
                    ],
                    [
                        0.0,
                        0.0
                    ]
                ],
                "transition_matrix": [
                    [
                        0.46884610110126235,
                        0.25912177751457466,
                        0.1543807896321628,
                        0.11765133175200022
                    ],
                    [
                        0.469602297744259,
                        0.25871048541665886,
                        0.15393001639705978,
                        0.11775720044202244
                    ],
                    [
                        0.47549456189462175,
                        0.2547650018171148,
                        0.15262321707341855,
                        0.11711721921484482
                    ],
                    [
                        0.47837492159083317,
                        0.2523239817422674,
                        0.15216900857478916,
                        0.1171320880921103
                    ]
                ],
                "motion_vectors_variance": [
                    1.1684942634921627,
                    1.1685378894850933,
                    1.1685283629929477,
                    1.168517786860737
                ],
                "motion_vectors_priors": [
                    0.34236804564907275,
                    0.2767475035663338,
                    0.19543509272467904,
                    0.18544935805991442
                ],
                "init_position_prior": 0.10344827586206896
            },
            {
                "centroid": [
                    72.0,
                    144.0
                ],
                "x_limits": [
                    0,
                    144
                ],
                "y_limits": [
                    96,
                    192
                ],
                "motion_vectors": [
                    [
                        0.0,
                        0.0
                    ],
                    [
                        0.0,
                        0.0
                    ],
                    [
                        0.0,
                        0.0
                    ],
                    [
                        0.0,
                        0.0
                    ]
                ],
                "transition_matrix": [
                    [
                        0.4681714027828876,
                        0.25946475998857693,
                        0.15477155817648902,
                        0.11759227905204649
                    ],
                    [
                        0.4696112844024906,
                        0.2587131918387674,
                        0.15396822261344573,
                        0.11770730114529626
                    ],
                    [
                        0.4760110001848552,
                        0.254487936039723,
                        0.15249794756995846,
                        0.11700311620546335
                    ],
                    [
                        0.47887894025974254,
                        0.25205701384833606,
                        0.15204071260015656,
                        0.11702333329176494
                    ]
                ],
                "motion_vectors_variance": [
                    1.1601501752438652,
                    1.1601110846532627,
                    1.160125282938091,
                    1.1601416476948714
                ],
                "motion_vectors_priors": [
                    0.34991423670668953,
                    0.26758147512864494,
                    0.20240137221269297,
                    0.18010291595197256
                ],
                "init_position_prior": 0.10344827586206896
            },
            {
                "centroid": [
                    72.0,
                    240.0
                ],
                "x_limits": [
                    0,
                    144
                ],
                "y_limits": [
                    192,
                    288
                ],
                "motion_vectors": [
                    [
                        0.0,
                        0.0
                    ],
                    [
                        0.0,
                        0.0
                    ],
                    [
                        0.0,
                        0.0
                    ],
                    [
                        0.0,
                        0.0
                    ]
                ],
                "transition_matrix": [
                    [
                        0.46670843462152256,
                        0.2601097521992784,
                        0.15574090684048053,
                        0.11744090633871837
                    ],
                    [
                        0.46970526348126723,
                        0.2586501588720617,
                        0.15404941282039702,
                        0.11759516482627413
                    ],
                    [
                        0.4770540509710587,
                        0.2539326920896459,
                        0.1522415489806336,
                        0.1167717079586617
                    ],
                    [
                        0.47987990226338173,
                        0.2515396642847641,
                        0.15177829706366738,
                        0.11680213638818668
                    ]
                ],
                "motion_vectors_variance": [
                    1.723244295810128,
                    1.7230236139663808,
                    1.7233530685943108,
                    1.7231002396357706
                ],
                "motion_vectors_priors": [
                    0.5411392405063291,
                    0.2579113924050633,
                    0.12658227848101267,
                    0.07436708860759493
                ],
                "init_position_prior": 0.0
            },
            {
                "centroid": [
                    72.0,
                    336.0
                ],
                "x_limits": [
                    0,
                    144
                ],
                "y_limits": [
                    288,
                    384
                ],
                "motion_vectors": [
                    [
                        0.0,
                        0.0
                    ],
                    [
                        0.0,
                        0.0
                    ],
                    [
                        0.0,
                        0.0
                    ],
                    [
                        0.0,
                        0.0
                    ]
                ],
                "transition_matrix": [
                    [
                        0.4650366059574223,
                        0.26051109310015436,
                        0.15729725535014902,
                        0.11715504559227433
                    ],
                    [
                        0.46995841188563203,
                        0.2584198322018352,
                        0.15417069479122625,
                        0.11745106112130646
                    ],
                    [
                        0.478146785050321,
                        0.25335121311260483,
                        0.1519714058712825,
                        0.11653059596579168
                    ],
                    [
                        0.4808932285268037,
                        0.2510361555081053,
                        0.15149887756015878,
                        0.11657173840493221
                    ]
                ],
                "motion_vectors_variance": [
                    2.1176304589672528,
                    2.1175131047659024,
                    2.1175680057354023,
                    2.117543275133149
                ],
                "motion_vectors_priors": [
                    0.6839186691312384,
                    0.19593345656192238,
                    0.08317929759704251,
                    0.036968576709796676
                ],
                "init_position_prior": 0.06896551724137931
            },
            {
                "centroid": [
                    72.0,
                    432.0
                ],
                "x_limits": [
                    0,
                    144
                ],
                "y_limits": [
                    384,
                    480
                ],
                "motion_vectors": [
                    [
                        0.0,
                        0.0
                    ],
                    [
                        0.0,
                        0.0
                    ],
                    [
                        0.0,
                        0.0
                    ],
                    [
                        0.0,
                        0.0
                    ]
                ],
                "transition_matrix": [
                    [
                        0.4641220306713553,
                        0.2606530310018568,
                        0.15824606312808862,
                        0.11697887519869919
                    ],
                    [
                        0.4701317991648778,
                        0.25826175601530765,
                        0.1542348812915443,
                        0.11737156352827029
                    ],
                    [
                        0.47869754609212156,
                        0.2530603804830166,
                        0.1518334877934092,
                        0.11640858563145258
                    ],
                    [
                        0.48139552350170906,
                        0.25079340770921743,
                        0.15135629455757907,
                        0.11645477423149442
                    ]
                ],
                "motion_vectors_variance": [
                    1.1163427633244951,
                    1.1161731529630776,
                    1.1163786719828699,
                    1.116256646075567
                ],
                "motion_vectors_priors": [
                    0.4754521963824289,
                    0.2441860465116279,
                    0.16149870801033592,
                    0.11886304909560723
                ],
                "init_position_prior": 0.0
            }
        ],
        [
            {
                "centroid": [
                    216.0,
                    48.0
                ],
                "x_limits": [
                    144,
                    288
                ],
                "y_limits": [
                    0,
                    96
                ],
                "motion_vectors": [
                    [
                        0.0,
                        0.0
                    ],
                    [
                        0.0,
                        0.0
                    ],
                    [
                        0.0,
                        0.0
                    ],
                    [
                        0.0,
                        0.0
                    ]
                ],
                "transition_matrix": [
                    [
                        0.471158261526544,
                        0.25784279375832153,
                        0.15351223179052365,
                        0.11748671292461078
                    ],
                    [
                        0.47013155906135695,
                        0.2584594736676269,
                        0.15391826283456986,
                        0.11749070443644617
                    ],
                    [
                        0.4671546352045653,
                        0.26058296440635625,
                        0.15445208760711207,
                        0.11781031278196631
                    ],
                    [
                        0.46599061859703556,
                        0.26201455637199467,
                        0.154382362282198,
                        0.1176124627487718
                    ]
                ],
                "motion_vectors_variance": [
                    0.3719375313124364,
                    0.3719403748100729,
                    0.3719746953381344,
                    0.3719178037999515
                ],
                "motion_vectors_priors": [
                    0.5197044334975369,
                    0.16625615763546797,
                    0.15763546798029557,
                    0.1564039408866995
                ],
                "init_position_prior": 0.10344827586206896
            },
            {
                "centroid": [
                    216.0,
                    144.0
                ],
                "x_limits": [
                    144,
                    288
                ],
                "y_limits": [
                    96,
                    192
                ],
                "motion_vectors": [
                    [
                        0.0,
                        0.0
                    ],
                    [
                        0.0,
                        0.0
                    ],
                    [
                        0.0,
                        0.0
                    ],
                    [
                        0.0,
                        0.0
                    ]
                ],
                "transition_matrix": [
                    [
                        0.4702270137030878,
                        0.25855020364691644,
                        0.15370695810632187,
                        0.11751582454367397
                    ],
                    [
                        0.46956867027729354,
                        0.25895613667295375,
                        0.1539464611326876,
                        0.11752873191706506
                    ],
                    [
                        0.4674106591344263,
                        0.26059076415402743,
                        0.1542843318296481,
                        0.11771424488189813
                    ],
                    [
                        0.46642818191923535,
                        0.2619786258292469,
                        0.15415186213172397,
                        0.1174413301197936
                    ]
                ],
                "motion_vectors_variance": [
                    1.2332910295165487,
                    1.2345899932910902,
                    1.2423281328281222,
                    1.229895135126191
                ],
                "motion_vectors_priors": [
                    0.4306049822064057,
                    0.4128113879003559,
                    0.09252669039145907,
                    0.06405693950177936
                ],
                "init_position_prior": 0.0
            },
            {
                "centroid": [
                    216.0,
                    240.0
                ],
                "x_limits": [
                    144,
                    288
                ],
                "y_limits": [
                    192,
                    288
                ],
                "motion_vectors": [
                    [
                        0.0,
                        0.0
                    ],
                    [
                        0.0,
                        0.0
                    ],
                    [
                        0.0,
                        0.0
                    ],
                    [
                        0.0,
                        0.0
                    ]
                ],
                "transition_matrix": [
                    [
                        0.46827390748817016,
                        0.26002904650492487,
                        0.15410638175932384,
                        0.11759066424758113
                    ],
                    [
                        0.4683765171858668,
                        0.25998569940178495,
                        0.15400448488133633,
                        0.11763329853101186
                    ],
                    [
                        0.4675780717560751,
                        0.26091786955176166,
                        0.1539709407996584,
                        0.11753311789250492
                    ],
                    [
                        0.46696008983710197,
                        0.26232374306151784,
                        0.15367818357564686,
                        0.1170379835257334
                    ]
                ],
                "motion_vectors_variance": [
                    0.40568476822539934,
                    0.40556136859944264,
                    0.40564108753885125,
                    0.4056355363924114
                ],
                "motion_vectors_priors": [
                    0.5494095711622126,
                    0.21068986948415164,
                    0.18520820385332504,
                    0.05469235550031075
                ],
                "init_position_prior": 0.034482758620689655
            },
            {
                "centroid": [
                    216.0,
                    336.0
                ],
                "x_limits": [
                    144,
                    288
                ],
                "y_limits": [
                    288,
                    384
                ],
                "motion_vectors": [
                    [
                        0.0,
                        0.0
                    ],
                    [
                        0.0,
                        0.0
                    ],
                    [
                        0.0,
                        0.0
                    ],
                    [
                        0.0,
                        0.0
                    ]
                ],
                "transition_matrix": [
                    [
                        0.4673438969717402,
                        0.26066919343827594,
                        0.154351717942424,
                        0.11763519164755985
                    ],
                    [
                        0.467390249433453,
                        0.2607751414367782,
                        0.15409059094911073,
                        0.11774401818065805
                    ],
                    [
                        0.4670274825645508,
                        0.2618161977017242,
                        0.15378298959826603,
                        0.11737333013545902
                    ],
                    [
                        0.46680804237200807,
                        0.2633843932557832,
                        0.1532582723153377,
                        0.116549292056871
                    ]
                ],
                "motion_vectors_variance": [
                    1.3369044831204597,
                    1.336752079131013,
                    1.3368908607245902,
                    1.336831125025399
                ],
                "motion_vectors_priors": [
                    0.42535971223021585,
                    0.3318345323741007,
                    0.15017985611510792,
                    0.09262589928057553
                ],
                "init_position_prior": 0.0
            },
            {
                "centroid": [
                    216.0,
                    432.0
                ],
                "x_limits": [
                    144,
                    288
                ],
                "y_limits": [
                    384,
                    480
                ],
                "motion_vectors": [
                    [
                        0.0,
                        0.0
                    ],
                    [
                        0.0,
                        0.0
                    ],
                    [
                        0.0,
                        0.0
                    ],
                    [
                        0.0,
                        0.0
                    ]
                ],
                "transition_matrix": [
                    [
                        0.4664947293594688,
                        0.2611930857135523,
                        0.15460064218818745,
                        0.11771154273879147
                    ],
                    [
                        0.46663144064591294,
                        0.2613548803490861,
                        0.15415908186395783,
                        0.1178545971410432
                    ],
                    [
                        0.46643685789612876,
                        0.2625785376252436,
                        0.15369538596936416,
                        0.1172892185092634
                    ],
                    [
                        0.4664966714350322,
                        0.2642378953031996,
                        0.1530227302391409,
                        0.11624270302262737
                    ]
                ],
                "motion_vectors_variance": [
                    0.8532234113620207,
                    0.8533310363555745,
                    0.8529413166736042,
                    0.8534054826804938
                ],
                "motion_vectors_priors": [
                    0.7119402985074627,
                    0.2253731343283582,
                    0.03880597014925373,
                    0.023880597014925373
                ],
                "init_position_prior": 0.10344827586206896
            }
        ],
        [
            {
                "centroid": [
                    360.0,
                    48.0
                ],
                "x_limits": [
                    288,
                    432
                ],
                "y_limits": [
                    0,
                    96
                ],
                "motion_vectors": [
                    [
                        0.0,
                        0.0
                    ],
                    [
                        0.0,
                        0.0
                    ],
                    [
                        0.0,
                        0.0
                    ],
                    [
                        0.0,
                        0.0
                    ]
                ],
                "transition_matrix": [
                    [
                        0.46879838595854856,
                        0.25852287497340287,
                        0.15704590613463804,
                        0.11563283293341056
                    ],
                    [
                        0.4647232780721583,
                        0.2595617247601945,
                        0.1607765353821949,
                        0.11493846178545215
                    ],
                    [
                        0.4659119922159814,
                        0.25916721969979006,
                        0.16050730416639447,
                        0.114413483917834
                    ],
                    [
                        0.47259875263273804,
                        0.2563321517357587,
                        0.15765580417039707,
                        0.1134132914611062
                    ]
                ],
                "motion_vectors_variance": [
                    1.34788355598455,
                    1.347849176323898,
                    1.3478560920390987,
                    1.3478439506935762
                ],
                "motion_vectors_priors": [
                    0.48201438848920863,
                    0.2589928057553957,
                    0.19424460431654678,
                    0.06474820143884892
                ],
                "init_position_prior": 0.06896551724137931
            },
            {
                "centroid": [
                    360.0,
                    144.0
                ],
                "x_limits": [
                    288,
                    432
                ],
                "y_limits": [
                    96,
                    192
                ],
                "motion_vectors": [
                    [
                        0.0,
                        0.0
                    ],
                    [
                        0.0,
                        0.0
                    ],
                    [
                        0.0,
                        0.0
                    ],
                    [
                        0.0,
                        0.0
                    ]
                ],
                "transition_matrix": [
                    [
                        0.4612570881001187,
                        0.2608394201279864,
                        0.16647022098503844,
                        0.11143327078685657
                    ],
                    [
                        0.4606201068423353,
                        0.26014467234198807,
                        0.16591586270221564,
                        0.11331935811346094
                    ],
                    [
                        0.4663474235658868,
                        0.2582603768234235,
                        0.161513335178209,
                        0.1138788644324806
                    ],
                    [
                        0.47462541328031865,
                        0.2549279791622361,
                        0.15727207527799594,
                        0.11317453227944943
                    ]
                ],
                "motion_vectors_variance": [
                    1.39733837209066,
                    1.3973045886419262,
                    1.397322613168197,
                    1.3973266232059496
                ],
                "motion_vectors_priors": [
                    0.4795613160518445,
                    0.3040877367896311,
                    0.19740777666999004,
                    0.018943170488534396
                ],
                "init_position_prior": 0.0
            },
            {
                "centroid": [
                    360.0,
                    240.0
                ],
                "x_limits": [
                    288,
                    432
                ],
                "y_limits": [
                    192,
                    288
                ],
                "motion_vectors": [
                    [
                        0.0,
                        0.0
                    ],
                    [
                        0.0,
                        0.0
                    ],
                    [
                        0.0,
                        0.0
                    ],
                    [
                        0.0,
                        0.0
                    ]
                ],
                "transition_matrix": [
                    [
                        0.45796608144690454,
                        0.2620280177110242,
                        0.17032598041682476,
                        0.10967992042524645
                    ],
                    [
                        0.45787693070706775,
                        0.26056633342224483,
                        0.1689615615642983,
                        0.1125951743063891
                    ],
                    [
                        0.4672563676786714,
                        0.25727004706149187,
                        0.1617635874063393,
                        0.11370999785349742
                    ],
                    [
                        0.47796871796894863,
                        0.25288581174252855,
                        0.15605247104555725,
                        0.11309299924296558
                    ]
                ],
                "motion_vectors_variance": [
                    0.5024562559160726,
                    0.5024152754662955,
                    0.5020407000317842,
                    0.5026716829481607
                ],
                "motion_vectors_priors": [
                    0.5990453460620525,
                    0.20843277645186953,
                    0.17899761336515513,
                    0.013524264120922832
                ],
                "init_position_prior": 0.06896551724137931
            },
            {
                "centroid": [
                    360.0,
                    336.0
                ],
                "x_limits": [
                    288,
                    432
                ],
                "y_limits": [
                    288,
                    384
                ],
                "motion_vectors": [
                    [
                        0.0,
                        0.0
                    ],
                    [
                        0.0,
                        0.0
                    ],
                    [
                        0.0,
                        0.0
                    ],
                    [
                        0.0,
                        0.0
                    ]
                ],
                "transition_matrix": [
                    [
                        0.4575453134951699,
                        0.2621518157229218,
                        0.1708833084896861,
                        0.10941956229222209
                    ],
                    [
                        0.45740855356504484,
                        0.2606103006641619,
                        0.1695124132726292,
                        0.112468732498164
                    ],
                    [
                        0.46749798237936524,
                        0.25702794437920523,
                        0.16180065119158138,
                        0.1136734220498481
                    ],
                    [
                        0.4792445262406891,
                        0.25214820953018147,
                        0.15556530664983625,
                        0.11304195757929329
                    ]
                ],
                "motion_vectors_variance": [
                    1.28944162607438,
                    1.2891970858491502,
                    1.285611377157698,
                    1.291458841460987
                ],
                "motion_vectors_priors": [
                    0.5899632802937577,
                    0.23133414932680538,
                    0.1383108935128519,
                    0.04039167686658507
                ],
                "init_position_prior": 0.0
            },
            {
                "centroid": [
                    360.0,
                    432.0
                ],
                "x_limits": [
                    288,
                    432
                ],
                "y_limits": [
                    384,
                    480
                ],
                "motion_vectors": [
                    [
                        0.0,
                        0.0
                    ],
                    [
                        0.0,
                        0.0
                    ],
                    [
                        0.0,
                        0.0
                    ],
                    [
                        0.0,
                        0.0
                    ]
                ],
                "transition_matrix": [
                    [
                        0.4573307985790634,
                        0.2622700097063863,
                        0.17108290440894536,
                        0.10931628730560516
                    ],
                    [
                        0.4571944370695311,
                        0.2606437315981906,
                        0.1696434933232027,
                        0.11251833800907551
                    ],
                    [
                        0.4677613835991953,
                        0.2568871199253627,
                        0.1615785105309154,
                        0.11377298594452666
                    ],
                    [
                        0.4800183339613109,
                        0.2517754780766015,
                        0.15509548142145393,
                        0.11311070654063367
                    ]
                ],
                "motion_vectors_variance": [
                    0.556715715950334,
                    0.5566715636109042,
                    0.5542361980491304,
                    0.5580982597666145
                ],
                "motion_vectors_priors": [
                    0.5021097046413502,
                    0.4092827004219409,
                    0.04430379746835443,
                    0.04430379746835443
                ],
                "init_position_prior": 0.0
            }
        ],
        [
            {
                "centroid": [
                    504.0,
                    48.0
                ],
                "x_limits": [
                    432,
                    576
                ],
                "y_limits": [
                    0,
                    96
                ],
                "motion_vectors": [
                    [
                        0.0,
                        0.0
                    ],
                    [
                        0.0,
                        0.0
                    ],
                    [
                        0.0,
                        0.0
                    ],
                    [
                        0.0,
                        0.0
                    ]
                ],
                "transition_matrix": [
                    [
                        0.4706753212873342,
                        0.2572427373691617,
                        0.15649991630029303,
                        0.11558202504321119
                    ],
                    [
                        0.46615672118518225,
                        0.25963685562691435,
                        0.1621691013401572,
                        0.1120373218477461
                    ],
                    [
                        0.4540694334788599,
                        0.26341864900994233,
                        0.17237275122575701,
                        0.11013916628544088
                    ],
                    [
                        0.44243491318822104,
                        0.26793059718145906,
                        0.17962191762750804,
                        0.11001257200281189
                    ]
                ],
                "motion_vectors_variance": [
                    1.679737144765681,
                    1.6798957446719212,
                    1.6800874809678965,
                    1.679671956155677
                ],
                "motion_vectors_priors": [
                    0.4246031746031746,
                    0.23412698412698413,
                    0.20634920634920634,
                    0.1349206349206349
                ],
                "init_position_prior": 0.034482758620689655
            },
            {
                "centroid": [
                    504.0,
                    144.0
                ],
                "x_limits": [
                    432,
                    576
                ],
                "y_limits": [
                    96,
                    192
                ],
                "motion_vectors": [
                    [
                        0.0,
                        0.0
                    ],
                    [
                        0.0,
                        0.0
                    ],
                    [
                        0.0,
                        0.0
                    ],
                    [
                        0.0,
                        0.0
                    ]
                ],
                "transition_matrix": [
                    [
                        0.46929383937431646,
                        0.2572696973313752,
                        0.15847274582879184,
                        0.11496371746551647
                    ],
                    [
                        0.4661451345910968,
                        0.2594212423727889,
                        0.16297050690177248,
                        0.1114631161343417
                    ],
                    [
                        0.4545166313206554,
                        0.26318913986249487,
                        0.17256504951958504,
                        0.10972917929726475
                    ],
                    [
                        0.4425438514309806,
                        0.2678858104193423,
                        0.17984397378172975,
                        0.1097263643679474
                    ]
                ],
                "motion_vectors_variance": [
                    5.750740031850511,
                    5.750888080218686,
                    5.752473476004291,
                    5.750062786100489
                ],
                "motion_vectors_priors": [
                    0.4144144144144144,
                    0.2072072072072072,
                    0.1981981981981982,
                    0.18018018018018017
                ],
                "init_position_prior": 0.0
            },
            {
                "centroid": [
                    504.0,
                    240.0
                ],
                "x_limits": [
                    432,
                    576
                ],
                "y_limits": [
                    192,
                    288
                ],
                "motion_vectors": [
                    [
                        0.0,
                        0.0
                    ],
                    [
                        0.0,
                        0.0
                    ],
                    [
                        0.0,
                        0.0
                    ],
                    [
                        0.0,
                        0.0
                    ]
                ],
                "transition_matrix": [
                    [
                        0.46593114948769726,
                        0.25733465757498997,
                        0.16306409097727564,
                        0.11367010196003724
                    ],
                    [
                        0.46634503670195376,
                        0.2587939769945379,
                        0.1643277113096827,
                        0.11053327499382554
                    ],
                    [
                        0.4559512594434188,
                        0.2625637706829043,
                        0.1724580127308988,
                        0.10902695714277805
                    ],
                    [
                        0.443233506176565,
                        0.2676523003067584,
                        0.17990186558946558,
                        0.10921232792721096
                    ]
                ],
                "motion_vectors_variance": [
                    0.5598171530047588,
                    0.558870609729511,
