{
    "width": 720.0,
    "height": 480.0,
    "nr_nodes": 16,
    "side": 4,
    "x_interval": 180.0,
    "y_interval": 120.0,
    "nr_fields": 6,
    "grid_matrix": [
        [
            {
                "centroid": [
                    90.0,
                    60.0
                ],
                "x_limits": [
                    0,
                    180
                ],
                "y_limits": [
                    0,
                    120
                ],
                "motion_vectors": [
                    [
                        -0.7693908618944428,
                        -0.5532917026165143
                    ],
                    [
                        -0.8111540613633902,
                        -0.5200254857621451
                    ],
                    [
                        -0.7659240462638277,
                        -0.5230820783303884
                    ],
                    [
                        -0.8238726910141028,
                        -0.3950740437135385
                    ],
                    [
                        -0.8500371922645296,
                        -0.4652843242662194
                    ],
                    [
                        -0.8869454582349373,
                        -0.5729114325643501
                    ]
                ],
                "transition_matrix": [
                    [
                        0.3925031550681281,
                        0.2340480773596845,
                        0.13402286701576224,
                        0.10943389042448615,
                        0.07637755974179031,
                        0.05361445039014877
                    ],
                    [
                        0.3924582986027968,
                        0.23405368413555558,
                        0.1340233905240944,
                        0.10944160762571813,
                        0.07639613254953748,
                        0.05362688656229771
                    ],
                    [
                        0.39244719919593224,
                        0.23404636147855074,
                        0.13402407904263547,
                        0.10944590407304605,
                        0.07640366813197873,
                        0.053632788077856826
                    ],
                    [
                        0.3924490911118408,
                        0.23404677314760605,
                        0.13402148123019844,
                        0.10944482944563538,
                        0.07640456486512516,
                        0.05363326019959425
                    ],
                    [
                        0.39244992325483385,
                        0.2340473126759478,
                        0.13401975957419823,
                        0.1094439585116006,
                        0.07640536733085432,
                        0.053633678652565145
                    ],
                    [
                        0.3924508771596698,
                        0.2340477840723923,
                        0.13401942309876208,
                        0.10944363475580028,
                        0.076405004231555,
                        0.053633276681820434
                    ]
                ],
                "motion_vectors_variance": [
                    0.8762285354443621,
                    0.7505136950415127,
                    0.7207025477867192,
                    0.7462440341169725,
                    0.774976513014766,
                    0.655388739601812
                ],
                "motion_vectors_priors": [
                    0.23008057296329454,
                    0.19068934646374217,
                    0.18263205013428827,
                    0.1512981199641898,
                    0.13428827215756492,
                    0.11101163831692032
                ],
                "init_position_prior": 0.13793103448275862
            },
            {
                "centroid": [
                    90.0,
                    180.0
                ],
                "x_limits": [
                    0,
                    180
                ],
                "y_limits": [
                    120,
                    240
                ],
                "motion_vectors": [
                    [
                        -0.45939857895151903,
                        -0.5018757369713935
                    ],
                    [
                        0.45015182342564075,
                        -0.5681537322573743
                    ],
                    [
                        0.0069143894523844285,
                        0.253807827115053
                    ],
                    [
                        -0.24902460201624843,
                        0.05790315864906698
                    ],
                    [
                        0.2189121563403063,
                        -0.04214924512073265
                    ],
                    [
                        -0.10924764539787662,
                        -0.2966819420687814
                    ]
                ],
                "transition_matrix": [
                    [
                        0.39252679068572605,
                        0.2340569693383636,
                        0.13402329993598738,
                        0.10942606879004706,
                        0.07636412412739275,
                        0.0536027471224832
                    ],
                    [
                        0.39248239740607094,
                        0.23406273664733546,
                        0.13402380825171262,
                        0.10943363090095794,
                        0.0763824551935898,
                        0.05361497160033332
                    ],
                    [
                        0.3924714647668009,
                        0.2340554767151812,
                        0.13402449391132917,
                        0.10943787070577707,
                        0.07638990007277435,
                        0.053620793828137336
                    ],
                    [
                        0.39247338687846045,
                        0.23405589992946077,
                        0.13402189354409202,
                        0.10943678520647057,
                        0.07639078184036137,
                        0.0536212526011548
                    ],
                    [
                        0.3924742480686566,
                        0.23405645028080416,
                        0.13402017004215644,
                        0.10943590406817005,
                        0.07639156955345645,
                        0.053621657986756374
                    ],
                    [
                        0.3924752155768147,
                        0.23405692680568932,
                        0.13401983326342243,
                        0.10943557576861337,
                        0.07639119908729389,
                        0.053621249498166275
                    ]
                ],
                "motion_vectors_variance": [
                    1.0791257539233692,
                    3.485915577434232,
                    1.2911091611718635,
                    1.0267748956198002,
                    1.0433595928218036,
                    2.443767284107185
                ],
                "motion_vectors_priors": [
                    0.410337552742616,
                    0.2320675105485232,
                    0.14662447257383968,
                    0.10337552742616034,
                    0.07911392405063292,
                    0.028481012658227847
                ],
                "init_position_prior": 0.13793103448275862
            },
            {
                "centroid": [
                    90.0,
                    300.0
                ],
                "x_limits": [
                    0,
                    180
                ],
                "y_limits": [
                    240,
                    360
                ],
                "motion_vectors": [
                    [
                        0.03818057368773063,
                        1.6572016048328337
                    ],
                    [
                        -0.006168855538941642,
                        1.6288512553239372
                    ],
                    [
                        0.6588451218562799,
                        1.1495770123605227
                    ],
                    [
                        0.11000115976107183,
                        -0.014396458287317617
                    ],
                    [
                        0.5543157045738439,
                        1.0458906511711323
                    ],
                    [
                        0.22488100887133813,
                        1.2451709579640011
                    ]
                ],
                "transition_matrix": [
                    [
                        0.3925267461855526,
                        0.2340569495314972,
                        0.13402329909215496,
                        0.10942608458163729,
                        0.0763641501576267,
                        0.05360277045153121
                    ],
                    [
                        0.3924823775396101,
                        0.23406273006509223,
                        0.13402380799524158,
                        0.10943363722557348,
                        0.07638246613800341,
                        0.05361498103647921
                    ],
                    [
                        0.3924714579023325,
                        0.23405547433395943,
                        0.13402449384643766,
                        0.10943787291359004,
                        0.07638990389611236,
                        0.053620797107567966
                    ],
                    [
                        0.39247338230026174,
                        0.23405589833532334,
                        0.13402189345011764,
                        0.10943678667039926,
                        0.07639078442832155,
                        0.05362125481557649
                    ],
                    [
                        0.39247424582027907,
                        0.23405644949939125,
                        0.1340201699797962,
                        0.10943590478179582,
                        0.0763915708364309,
                        0.05362165908230667
                    ],
                    [
                        0.39247521446821126,
                        0.23405692642085502,
                        0.13401983323104644,
                        0.10943557612046621,
                        0.07639119972072415,
                        0.0536212500386969
                    ]
                ],
                "motion_vectors_variance": [
                    3.7199589864905485,
                    3.4697834968692223,
                    2.9659780307882206,
                    5.4348434632112355,
                    2.1428294623075423,
                    1.6703409086339578
                ],
                "motion_vectors_priors": [
                    0.43732274532047644,
                    0.34429948950652295,
                    0.09302325581395349,
                    0.07997731140102099,
                    0.02949517867271696,
                    0.01588201928530913
                ],
                "init_position_prior": 0.034482758620689655
            },
            {
                "centroid": [
                    90.0,
                    420.0
                ],
                "x_limits": [
                    0,
                    180
                ],
                "y_limits": [
                    360,
                    480
                ],
                "motion_vectors": [
                    [
                        -3.6023659375673343,
                        -0.13082499311507723
                    ],
                    [
                        -0.03619967175636654,
                        0.09342881939620774
                    ],
                    [
                        -3.2420360157225794,
                        0.01208601143416968
                    ],
                    [
                        6.16887070681256,
                        0.5957990592856437
                    ],
                    [
                        -1.7013882119072095,
                        0.048389072730037695
                    ],
                    [
                        1.434688658219387,
                        0.37470758684581984
                    ]
                ],
                "transition_matrix": [
                    [
                        0.3925027872734974,
                        0.2340479264344234,
                        0.1340228592760399,
                        0.10943401627787819,
                        0.0763777725787738,
                        0.053614638159387405
                    ],
                    [
                        0.3924581556829821,
                        0.23405363229858422,
                        0.13402338714410314,
                        0.10944165417728953,
                        0.07639621378774028,
                        0.053626956909300756
                    ],
                    [
                        0.39244715312247963,
                        0.2340463435318649,
                        0.1340240772326343,
                        0.10944591925193804,
                        0.07640369533634346,
                        0.053632811524739664
                    ],
                    [
                        0.3924490614857884,
                        0.23404676111879336,
                        0.1340214794554538,
                        0.10944483922748881,
                        0.07640458296020079,
                        0.05363327575227494
                    ],
                    [
                        0.39244991030292437,
                        0.2340473066851342,
                        0.1340197580622742,
                        0.10944396285127478,
                        0.07640537602042236,
                        0.05363368607797018
                    ],
                    [
                        0.392450872221726,
                        0.23404778097851134,
                        0.13401942176667744,
                        0.10944363649979205,
                        0.07640500835984551,
                        0.05363328017344773
                    ]
                ],
                "motion_vectors_variance": [
                    26.04595786385568,
                    92.29361897286333,
                    1.593404478398293,
                    1.9081761934351296,
                    14.267945941997214,
                    0.9185757610721572
                ],
                "motion_vectors_priors": [
                    0.3789173789173789,
                    0.36253561253561256,
                    0.1581196581196581,
                    0.05128205128205128,
                    0.037037037037037035,
                    0.012108262108262107
                ],
                "init_position_prior": 0.06896551724137931
            }
        ],
        [
            {
                "centroid": [
                    270.0,
                    60.0
                ],
                "x_limits": [
                    180,
                    360
                ],
                "y_limits": [
                    0,
                    120
                ],
                "motion_vectors": [
                    [
                        2.7285710780638492,
                        0.047318307297860296
                    ],
                    [
                        -0.27261980003164965,
                        -0.2101649542606301
                    ],
                    [
                        -0.21775198698947398,
                        0.23015814565486248
                    ],
                    [
                        0.6350503927743321,
                        0.21072895000114975
                    ],
                    [
                        1.7945614945313,
                        0.10407756095044272
                    ],
                    [
                        0.34838896652087825,
                        0.3220365020874588
                    ]
                ],
                "transition_matrix": [
                    [
                        0.3920811640337378,
                        0.23388921932541806,
                        0.134015128432223,
                        0.10957357090584223,
                        0.07661747066908975,
                        0.05382344663368935
                    ],
                    [
                        0.3920295069271707,
                        0.2338926260645681,
                        0.13401594979536038,
                        0.10958353208383356,
                        0.07663949660557083,
                        0.05383888852349638
                    ],
                    [
                        0.3920160800107753,
                        0.23388440794786247,
                        0.1340166991561828,
                        0.10958862995468145,
                        0.07664829051988667,
                        0.053845892410611364
                    ],
                    [
                        0.39201754465603816,
                        0.23388465345761372,
                        0.13401414660456357,
                        0.10958771269777325,
                        0.07664939297790717,
                        0.0538465496061042
                    ],
                    [
                        0.39201797072635597,
                        0.23388504022737774,
                        0.13401245941071147,
                        0.10958698725183817,
                        0.07665039560290729,
                        0.05384714678080939
                    ],
                    [
                        0.3920187355115537,
                        0.23388543935367626,
                        0.13401212955131023,
                        0.10958672727509108,
                        0.07665013345780174,
                        0.05384683485056691
                    ]
                ],
                "motion_vectors_variance": [
                    3.7376114809131082,
                    1.380916884109204,
                    19.081790894390313,
                    1.1357172979561838,
                    7.804060624681942,
                    1.3204680840565648
                ],
                "motion_vectors_priors": [
                    0.3422103861517976,
                    0.24167776298268975,
                    0.21904127829560585,
                    0.14314247669773636,
                    0.035286284953395475,
                    0.018641810918774968
                ],
                "init_position_prior": 0.10344827586206896
            },
            {
                "centroid": [
                    270.0,
                    180.0
                ],
                "x_limits": [
                    180,
                    360
                ],
                "y_limits": [
                    120,
                    240
                ],
                "motion_vectors": [
                    [
                        0.2373776968487868,
                        -0.0230139037685701
                    ],
                    [
                        0.11428337492045489,
                        -0.048986279081364104
                    ],
                    [
                        0.2511582718227614,
                        -0.012106015544404047
                    ],
                    [
                        0.14789725898698713,
                        -0.014133625851646792
                    ],
                    [
                        0.16856419644200799,
                        0.005896789427072113
                    ],
                    [
                        0.20026720206248472,
                        0.006119227496696716
                    ]
                ],
                "transition_matrix": [
                    [
                        0.3920911471830332,
                        0.23389297389597194,
                        0.13401531109005232,
                        0.10957026761617746,
                        0.07661179625733734,
                        0.05381850395742773
                    ],
                    [
                        0.3920398600456414,
                        0.23389651364829664,
                        0.13401612865374124,
                        0.1095801055694139,
                        0.07663362152201704,
                        0.053833770560889796
                    ],
                    [
                        0.39202656706253947,
                        0.23388834591661814,
                        0.1340168778675139,
                        0.109585158477235,
                        0.07664234110219006,
                        0.053840709573903384
                    ],
                    [
                        0.3920280548118671,
                        0.23388860019758573,
                        0.1340143243885491,
                        0.10958423319281052,
                        0.07664343138283296,
                        0.05384135602635481
                    ],
                    [
                        0.3920285036759458,
                        0.2338889954968681,
                        0.1340126365798377,
                        0.10958349994694869,
                        0.07664442181471812,
                        0.053841942485681596
                    ],
                    [
                        0.39202927923417613,
                        0.23388939868157524,
                        0.1340123066775586,
                        0.10958323638631666,
                        0.07664415370482969,
                        0.05384162531554369
                    ]
                ],
                "motion_vectors_variance": [
                    1.2399356204380743,
                    1.2491323761182251,
                    1.2438710158306785,
                    1.2313291998468592,
                    1.2293313085973359,
                    1.2319786976950196
                ],
                "motion_vectors_priors": [
                    0.43584784010315925,
                    0.24500322372662797,
                    0.1399097356544165,
                    0.11605415860735009,
                    0.03288201160541586,
                    0.030303030303030304
                ],
                "init_position_prior": 0.06896551724137931
            },
            {
                "centroid": [
                    270.0,
                    300.0
                ],
                "x_limits": [
                    180,
                    360
                ],
                "y_limits": [
                    240,
                    360
                ],
                "motion_vectors": [
                    [
                        0.1337014835862339,
                        0.07409371193540071
                    ],
                    [
                        -0.001145183509665304,
                        -2.2470929973324534
                    ],
                    [
                        -0.030236500972851826,
                        -0.7193343859013839
                    ],
                    [
                        0.3798122539038928,
                        -0.2739314757378483
                    ],
                    [
                        0.24951602259454958,
                        1.139008070368694
                    ],
                    [
                        0.046531000796872196,
                        -0.44877398781912814
                    ]
                ],
                "transition_matrix": [
                    [
                        0.3920909352457969,
                        0.23389288784018258,
                        0.13401530719296514,
                        0.10957033996108219,
                        0.07661191821356586,
                        0.05381861154640728
                    ],
                    [
                        0.39203977599417206,
                        0.23389648388719264,
                        0.13401612737170773,
                        0.1095801328719688,
                        0.07663366854924424,
                        0.053833811325714465
                    ],
                    [
                        0.3920265387328591,
                        0.2338883356799972,
                        0.13401687748749513,
                        0.10958516772210973,
                        0.07664235703212398,
                        0.0538407233454148
                    ],
                    [
                        0.3920280358996529,
                        0.2338885933509503,
                        0.13401432403073799,
                        0.10958423934714916,
                        0.07664344209546177,
                        0.05384136527604786
                    ],
                    [
                        0.39202849441195287,
                        0.23388899214632652,
                        0.13401263637136288,
                        0.10958350295062674,
                        0.07664442708679103,
                        0.05384194703293988
                    ],
                    [
                        0.3920292746652325,
                        0.23388939703000497,
                        0.1340123065714339,
                        0.10958323786770804,
                        0.07664415630667899,
                        0.05384162755894173
                    ]
                ],
                "motion_vectors_variance": [
                    1.8612360866656217,
                    1.5246732492486919,
                    1.0795574806486379,
                    1.0998153398349313,
                    0.7913337442157664,
                    0.8504107042695784
                ],
                "motion_vectors_priors": [
                    0.6399456521739131,
                    0.19293478260869565,
                    0.06453804347826086,
                    0.058423913043478264,
                    0.028532608695652172,
                    0.015625
                ],
                "init_position_prior": 0.0
            },
            {
                "centroid": [
                    270.0,
                    420.0
                ],
                "x_limits": [
                    180,
                    360
                ],
                "y_limits": [
                    360,
                    480
                ],
                "motion_vectors": [
                    [
                        0.4682785116993945,
                        -1.0848297720938498
                    ],
                    [
                        -1.3975172727744063,
                        1.5174857621955486
                    ],
                    [
                        -0.6549099506980872,
                        0.11254835998563031
                    ],
                    [
                        0.6861319084238974,
                        1.436677907572482
                    ],
                    [
                        -1.0091790596511474,
                        0.043934309281497635
                    ],
                    [
                        0.37202343298254514,
                        2.3891120674308404
                    ]
                ],
                "transition_matrix": [
                    [
                        0.3920804305203877,
                        0.23388892620347657,
                        0.13401511379503692,
                        0.10957381934895666,
                        0.0766178926412724,
                        0.05382381749086974
                    ],
                    [
                        0.3920292281867431,
                        0.23389252409211925,
                        0.1340159438753743,
                        0.10958362328217365,
                        0.07663965480315867,
                        0.053839025760431036
                    ],
                    [
                        0.39201598936540943,
                        0.23388437319783717,
                        0.1340166963557284,
                        0.10958865983866974,
                        0.0766483432420564,
                        0.053845938000299055
                    ],
                    [
                        0.39201748562469946,
                        0.23388463022405312,
                        0.1340141440083153,
                        0.10958773218261282,
                        0.07664942806768867,
                        0.05384657989263054
                    ],
                    [
                        0.3920179438351621,
                        0.2338850287565271,
                        0.1340124573340587,
                        0.10958699620392669,
                        0.07665041253211059,
                        0.05384716133821484
                    ],
                    [
                        0.392018724063163,
                        0.2338854335276592,
                        0.13401212779747196,
                        0.10958673119367732,
                        0.0766501416053897,
                        0.05384684181263874
                    ]
                ],
                "motion_vectors_variance": [
                    33.592181467672276,
                    6.589332739575087,
                    8.145828889037134,
                    2.373267908504644,
                    4.255246701620656,
                    13.823831913850105
                ],
                "motion_vectors_priors": [
                    0.6052141527001862,
                    0.14804469273743018,
                    0.07635009310986965,
                    0.07262569832402235,
                    0.05307262569832402,
                    0.0446927374301676
                ],
                "init_position_prior": 0.06896551724137931
            }
        ],
        [
            {
                "centroid": [
                    450.0,
                    60.0
                ],
                "x_limits": [
                    360,
                    540
                ],
                "y_limits": [
                    0,
                    120
                ],
                "motion_vectors": [
                    [
                        0.18324321040799588,
                        -0.2568080560996179
                    ],
                    [
                        0.2017778564799719,
                        -0.8627515488321
                    ],
                    [
                        -0.5414479647694518,
                        -0.4830554933716546
                    ],
                    [
                        4.74934097102514,
                        -0.2029561598180994
                    ],
                    [
                        0.06535717985222256,
                        -0.16399692908691427
                    ],
                    [
                        -0.005354378015345496,
                        0.08485892472746953
                    ]
                ],
                "transition_matrix": [
                    [
                        0.3914349301944818,
                        0.23364599434516728,
                        0.13400328077457233,
                        0.10978745985267035,
                        0.07698485415332465,
                        0.054143480679783675
                    ],
                    [
                        0.39137342654228424,
                        0.2336462053563923,
                        0.1340045652388068,
                        0.10980068232248764,
                        0.07701185793083382,
                        0.05416326260919532
                    ],
                    [
                        0.39135660389563265,
                        0.2336366862983456,
                        0.13400541094361193,
                        0.10980694972513931,
                        0.07702248057264384,
                        0.054171868564626545
                    ],
                    [
                        0.3913574393561299,
                        0.23363668754731992,
                        0.13400292874055322,
                        0.1098062649816758,
                        0.07702388324028647,
                        0.05417279613403466
                    ],
                    [
                        0.3913572700171589,
                        0.23363685097398912,
                        0.13400129482121026,
                        0.10980575334954773,
                        0.07702517722879691,
                        0.054173653609296886
                    ],
                    [
                        0.3913577581273297,
                        0.23363714462390442,
                        0.13400097521532028,
                        0.1098055866015061,
                        0.07702506235930139,
                        0.054173473072638124
                    ]
                ],
                "motion_vectors_variance": [
                    55.94602168291774,
                    1.5049548807186588,
                    0.49986604259544615,
                    0.506216110748733,
                    0.7836183882260431,
                    0.5197664122442717
                ],
                "motion_vectors_priors": [
                    0.24764150943396226,
                    0.17806603773584906,
                    0.16391509433962265,
                    0.14622641509433962,
                    0.1403301886792453,
                    0.12382075471698113
                ],
                "init_position_prior": 0.06896551724137931
            },
            {
                "centroid": [
                    450.0,
                    180.0
                ],
                "x_limits": [
                    360,
                    540
                ],
                "y_limits": [
                    120,
                    240
                ],
                "motion_vectors": [
                    [
                        0.18530567588521668,
                        -0.09606204632194221
                    ],
                    [
                        -2.9698991888683683,
                        2.817147034197412
                    ],
                    [
                        0.7021344555081326,
                        -0.28799847102659903
                    ],
                    [
                        -1.6018345536098857,
                        2.759121819246208
                    ],
                    [
                        1.187645360284765,
                        0.10217231834827542
                    ],
                    [
                        0.8452683071703906,
                        -1.4229689043889504
                    ]
                ],
                "transition_matrix": [
                    [
                        0.39142421649079556,
                        0.23364196035008777,
                        0.1340030840824134,
                        0.10979100637419589,
                        0.07699094554476706,
                        0.05414878715774047
                    ],
                    [
                        0.3913628164910814,
                        0.23364221893686793,
                        0.1340043802933802,
                        0.109804194315621,
                        0.07701788072014433,
                        0.05416850924290515
                    ],
                    [
                        0.39134603567336385,
                        0.2336327151132536,
                        0.1340052292268826,
                        0.10981044862645663,
                        0.07702847805569704,
                        0.054177093304346155
                    ],
                    [
                        0.3913468767685751,
                        0.2336327183458127,
                        0.13400274841335527,
                        0.10980976240723518,
                        0.07702987662120214,
                        0.05417801744381947
                    ],
                    [
                        0.39134671386287834,
                        0.23363288419046943,
                        0.1340011156300885,
                        0.10980924891697827,
                        0.07703116620806374,
                        0.054178871191521705
                    ],
                    [
                        0.3913472051565408,
                        0.23363317901085276,
                        0.13400079632713055,
                        0.10980908114409722,
                        0.07703104937018572,
                        0.05417868899119301
                    ]
                ],
                "motion_vectors_variance": [
                    47.890593545533875,
                    0.3889909324679182,
                    3.6673761928553383,
                    0.24619867686569133,
                    3.1206158538755697,
                    0.2580904976923089
                ],
                "motion_vectors_priors": [
                    0.3333333333333333,
                    0.2153846153846154,
                    0.15897435897435896,
                    0.14358974358974358,
                    0.11794871794871795,
                    0.03076923076923077
                ],
                "init_position_prior": 0.13793103448275862
            },
            {
                "centroid": [
                    450.0,
                    300.0
                ],
                "x_limits": [
                    360,
                    540
                ],
                "y_limits": [
                    240,
                    360
                ],
                "motion_vectors": [
                    [
                        0.9396817410231206,
                        -0.4116060199467296
                    ],
                    [
                        0.9488304242632679,
                        -0.5035596632886449
                    ],
                    [
                        0.8788699177606641,
                        -0.47068620004757444
                    ],
                    [
                        0.8865165123520565,
                        -0.4463949994577639
                    ],
                    [
                        0.8531969017857595,
                        -0.4192774777514554
                    ],
                    [
                        0.9555715544857546,
                        -0.4669328868922584
                    ]
                ],
                "transition_matrix": [
                    [
                        0.3914239208946646,
                        0.2336418398539637,
                        0.1340030783835424,
                        0.10979110736908035,
                        0.0769911159513048,
                        0.054148937547444174
                    ],
                    [
                        0.39136269713204386,
                        0.2336421767548541,
                        0.13400437850922142,
                        0.1098042330713578,
                        0.07701794745054694,
                        0.054168567081975705
                    ],
                    [
                        0.3913459952671086,
                        0.23363270053176483,
                        0.13400522870753123,
