{
    "width": 720.0,
    "height": 480.0,
    "nr_nodes": 16,
    "side": 4,
    "x_interval": 180.0,
    "y_interval": 120.0,
    "nr_fields": 4,
    "grid_matrix": [
        [
            {
                "centroid": [
                    90.0,
                    60.0
                ],
                "x_limits": [
                    0,
                    180
                ],
                "y_limits": [
                    0,
                    120
                ],
                "motion_vectors": [
                    [
                        -0.8162929712544948,
                        -0.531365098035153
                    ],
                    [
                        -0.7549093878246682,
                        -0.5946714792781335
                    ],
                    [
                        -0.8561528327360668,
                        -0.2887134295427499
                    ],
                    [
                        -0.8260732472694461,
                        -0.3719075043373965
                    ]
                ],
                "transition_matrix": [
                    [
                        0.47644716043548296,
                        0.2912045281605212,
                        0.15742998315439022,
                        0.0749183282496055
                    ],
                    [
                        0.4764329151825852,
                        0.2912201259372392,
                        0.1574349825943003,
                        0.07491197628587518
                    ],
                    [
                        0.47643722584521414,
                        0.29121941415119984,
                        0.15743556940064202,
                        0.07490779060294396
                    ],
                    [
                        0.4764397336030703,
                        0.29122059118302784,
                        0.15743431910802577,
                        0.07490535610587606
                    ]
                ],
                "motion_vectors_variance": [
                    0.8288393687334158,
                    0.7285044701438406,
                    0.8734000595808097,
                    0.6699951381232723
                ],
                "motion_vectors_priors": [
                    0.3196060877350045,
                    0.2900626678603402,
                    0.23187108325872874,
                    0.1584601611459266
                ],
                "init_position_prior": 0.13793103448275862
            },
            {
                "centroid": [
                    90.0,
                    180.0
                ],
                "x_limits": [
                    0,
                    180
                ],
                "y_limits": [
                    120,
                    240
                ],
                "motion_vectors": [
                    [
                        1.1792047273825959,
                        -0.017042995802275404
                    ],
                    [
                        -0.06463311699864227,
                        0.06828147660318024
                    ],
                    [
                        -0.41959796183373743,
                        0.25282982845746216
                    ],
                    [
                        -0.025094142905266015,
                        0.7158792209082989
                    ]
                ],
                "transition_matrix": [
                    [
                        0.4764716491266087,
                        0.2913732670140864,
                        0.15747519021501674,
                        0.07467989364428806
                    ],
                    [
                        0.476457430885877,
                        0.2913900524980733,
                        0.1574805273722223,
                        0.07467198924382731
                    ],
                    [
                        0.4764617188964781,
                        0.29138988684053146,
                        0.15748127016974262,
                        0.0746671240932477
                    ],
                    [
                        0.4764642243281436,
                        0.29139123835327607,
                        0.15748006760889838,
                        0.07466446970968198
                    ]
                ],
                "motion_vectors_variance": [
                    1.5067636249125793,
                    1.560466111021145,
                    1.1123823707606055,
                    1.1560869221170877
                ],
                "motion_vectors_priors": [
                    0.46835443037974683,
                    0.2805907172995781,
                    0.22257383966244726,
                    0.028481012658227847
                ],
                "init_position_prior": 0.13793103448275862
            },
            {
                "centroid": [
                    90.0,
                    300.0
                ],
                "x_limits": [
                    0,
                    180
                ],
                "y_limits": [
                    240,
                    360
                ],
                "motion_vectors": [
                    [
                        0.1410537307689178,
                        -0.005292544864045914
                    ],
                    [
                        0.2960430718252427,
                        1.261187114359206
                    ],
                    [
                        0.359266761146464,
                        0.1889711341290281
                    ],
                    [
                        0.25467756599708224,
                        0.13111354249428336
                    ]
                ],
                "transition_matrix": [
                    [
                        0.4764717557361778,
                        0.2913730157388761,
                        0.1574748141945681,
                        0.07468041433037802
                    ],
                    [
                        0.4764574498638213,
                        0.2913900692562248,
                        0.15748026194225226,
                        0.07467221893770169
                    ],
                    [
                        0.47646170775371477,
                        0.29138999741092597,
                        0.15748104332051505,
                        0.07466725151484424
                    ],
                    [
                        0.4764642047519752,
                        0.2913913748361327,
                        0.15747985131194364,
                        0.07466456909994851
                    ]
                ],
                "motion_vectors_variance": [
                    3.0640119504836973,
                    1.3953178913667765,
                    5.2272732595348605,
                    1.384005883364663
                ],
                "motion_vectors_priors": [
                    0.4758933635847986,
                    0.35450935904707886,
                    0.13272830402722632,
                    0.0368689733408962
                ],
                "init_position_prior": 0.034482758620689655
            },
            {
                "centroid": [
                    90.0,
                    420.0
                ],
                "x_limits": [
                    0,
                    180
                ],
                "y_limits": [
                    360,
                    480
                ],
                "motion_vectors": [
                    [
                        -3.581034902724434,
                        0.20716021677705
                    ],
                    [
                        -0.29388524991872644,
                        -0.34704735740947773
                    ],
                    [
                        6.130427556631269,
                        0.05738133980362542
                    ],
                    [
                        2.0302782170136484,
                        0.19638991509181744
                    ]
                ],
                "transition_matrix": [
                    [
                        0.47661368809242316,
                        0.29109603894488423,
                        0.15733217627025373,
                        0.07495809669243896
                    ],
                    [
                        0.47659921721132714,
                        0.2911131162482003,
                        0.15733774917644908,
                        0.07494991736402351
                    ],
                    [
                        0.47660342812923373,
                        0.2911130322861092,
                        0.15733857537443374,
                        0.07494496421022322
                    ],
                    [
                        0.4766058985552978,
                        0.29111440730849,
                        0.15733740560842302,
                        0.07494228852778911
                    ]
                ],
                "motion_vectors_variance": [
                    3.111124125723883,
                    61.670833855032974,
                    2.4694260575053035,
                    0.9955090685913212
                ],
                "motion_vectors_priors": [
                    0.38817663817663817,
                    0.37606837606837606,
                    0.1631054131054131,
                    0.07264957264957266
                ],
                "init_position_prior": 0.06896551724137931
            }
        ],
        [
            {
                "centroid": [
                    270.0,
                    60.0
                ],
                "x_limits": [
                    180,
                    360
                ],
                "y_limits": [
                    0,
                    120
                ],
                "motion_vectors": [
                    [
                        -0.1152481573997041,
                        -0.043510251796198426
                    ],
                    [
                        0.3191553023426896,
                        0.8764390518360989
                    ],
                    [
                        1.2223372568636797,
                        -0.13705789205173258
                    ],
                    [
                        0.3543711003055937,
                        0.052853967609962034
                    ]
                ],
                "transition_matrix": [
                    [
                        0.4777875937846792,
                        0.2872869657598437,
                        0.15563628253920175,
                        0.07928915791627526
                    ],
                    [
                        0.47777319479429387,
                        0.2872900128587337,
                        0.15563805489260776,
                        0.07929873745436469
                    ],
                    [
                        0.4777779116018396,
                        0.28728348528647585,
                        0.15563712867795534,
                        0.07930147443372927
                    ],
                    [
                        0.47778039346591356,
                        0.2872828326583921,
                        0.15563549143905184,
                        0.07930128243664253
                    ]
                ],
                "motion_vectors_variance": [
                    27.674858523836882,
                    1.061477481588393,
                    1.0269668542468746,
                    2.680510252628023
                ],
                "motion_vectors_priors": [
                    0.5412782956058588,
                    0.2589880159786951,
                    0.1644474034620506,
                    0.035286284953395475
                ],
                "init_position_prior": 0.10344827586206896
            },
            {
                "centroid": [
                    270.0,
                    180.0
                ],
                "x_limits": [
                    180,
                    360
                ],
                "y_limits": [
                    120,
                    240
                ],
                "motion_vectors": [
                    [
                        0.17066330830448262,
                        0.0033725222365546537
                    ],
                    [
                        0.19303110519491193,
                        0.01028286445809784
                    ],
                    [
                        0.26859368698656755,
                        -0.04381303312091381
                    ],
                    [
                        0.18979257733522903,
                        -0.048874150398052985
                    ]
                ],
                "transition_matrix": [
                    [
                        0.477834902970858,
                        0.28731779215852243,
                        0.1556262895134336,
                        0.07922101535718588
                    ],
                    [
                        0.47782022064418705,
                        0.28732235362191005,
                        0.15562865317005703,
                        0.07922877256384571
                    ],
                    [
                        0.4778247881336097,
                        0.2873165102154843,
                        0.15562799354433557,
                        0.07923070810657049
                    ],
                    [
                        0.47782722110870174,
                        0.2873160801831661,
                        0.15562644423217295,
                        0.07923025447595908
                    ]
                ],
                "motion_vectors_variance": [
                    1.2378319429039746,
                    1.237116496896021,
                    1.2293559678470893,
                    1.2287417302996322
                ],
                "motion_vectors_priors": [
                    0.43133462282398455,
                    0.3913604126370084,
                    0.1470019342359768,
                    0.030303030303030304
                ],
                "init_position_prior": 0.06896551724137931
            },
            {
                "centroid": [
                    270.0,
                    300.0
                ],
                "x_limits": [
                    180,
                    360
                ],
                "y_limits": [
                    240,
                    360
                ],
                "motion_vectors": [
                    [
                        -0.5895494866148567,
                        -9.56617382846582
                    ],
                    [
                        -0.49348091193700033,
                        -0.054077882275227
                    ],
                    [
                        0.05041854984396418,
                        -0.04093278203836255
                    ],
                    [
                        -0.10819318399535605,
                        -0.5262275891352686
                    ]
                ],
                "transition_matrix": [
                    [
                        0.4778362837306699,
                        0.28731556523266516,
                        0.15562536604784277,
                        0.07922278498882218
                    ],
                    [
                        0.4778212235255982,
                        0.2873212336569428,
                        0.15562821144342592,
                        0.07922933137403301
                    ],
                    [
                        0.477825649024123,
                        0.2873158092811828,
                        0.15562773456656503,
                        0.0792308071281294
                    ],
                    [
                        0.47782803980044536,
                        0.2873155028865558,
                        0.1556262391465981,
                        0.07923021816640076
                    ]
                ],
                "motion_vectors_variance": [
                    0.7783504727390043,
                    0.948697443283446,
                    6.349990700618937,
                    0.7897791260375723
                ],
                "motion_vectors_priors": [
                    0.6474184782608695,
                    0.19904891304347827,
                    0.11277173913043478,
                    0.04076086956521739
                ],
                "init_position_prior": 0.0
            },
            {
                "centroid": [
                    270.0,
                    420.0
                ],
                "x_limits": [
                    180,
                    360
                ],
                "y_limits": [
                    360,
                    480
                ],
                "motion_vectors": [
                    [
                        -0.3144681262912513,
                        1.0948226959295404
                    ],
                    [
                        -0.34234714539092903,
                        -2.7314101443377043
                    ],
                    [
                        0.451536013993872,
                        -0.1912465473095319
                    ],
                    [
                        -1.3145799750162814,
                        0.6515672848918795
                    ]
                ],
                "transition_matrix": [
                    [
                        0.4779942737170998,
                        0.28714628944021947,
                        0.15551599451674605,
                        0.07934344232593464
                    ],
                    [
                        0.47797911764820217,
                        0.2871524392828505,
                        0.1555190702616451,
                        0.07934937280730231
                    ],
                    [
                        0.47798350648503507,
                        0.2871472425842186,
                        0.1555186974177174,
                        0.079350553513029
                    ],
                    [
                        0.47798587601440157,
                        0.28714701561919814,
                        0.15551724343951134,
                        0.07934986492688888
                    ]
                ],
                "motion_vectors_variance": [
                    3.104971859919729,
                    5.0139445821094775,
                    1.9575393375880998,
                    1.410699389961716
                ],
                "motion_vectors_priors": [
                    0.6797020484171322,
                    0.19646182495344505,
                    0.07635009310986965,
                    0.04748603351955307
                ],
                "init_position_prior": 0.06896551724137931
            }
        ],
        [
            {
                "centroid": [
                    450.0,
                    60.0
                ],
                "x_limits": [
                    360,
                    540
                ],
                "y_limits": [
                    0,
                    120
                ],
                "motion_vectors": [
                    [
                        -0.09514135690598695,
                        -0.4188948449350474
                    ],
                    [
                        0.042896663840493905,
                        0.22034834672266465
                    ],
                    [
                        0.04028795180949715,
                        0.02677575026165373
                    ],
                    [
                        0.8159159530550069,
                        -0.0025824615775010273
                    ]
                ],
                "transition_matrix": [
                    [
                        0.47982779354663474,
                        0.28113780777993047,
                        0.15297650627764503,
                        0.08605789239578969
                    ],
                    [
                        0.47981190115914185,
                        0.28112460799972294,
                        0.15297506327423588,
                        0.08608842756689947
                    ],
                    [
                        0.47981686355067704,
                        0.2811103051560557,
                        0.15297243512242856,
                        0.08610039617083882
                    ],
                    [
                        0.47981919750534713,
                        0.2811071875497665,
                        0.15297039281469638,
                        0.08610322213018996
                    ]
                ],
                "motion_vectors_variance": [
                    26.183986829137435,
                    2.004258927145709,
                    0.660832151929697,
                    0.6839400348172768
                ],
                "motion_vectors_priors": [
                    0.32075471698113206,
                    0.2830188679245283,
                    0.22523584905660377,
                    0.17099056603773585
                ],
                "init_position_prior": 0.06896551724137931
            },
            {
                "centroid": [
                    450.0,
                    180.0
                ],
                "x_limits": [
                    360,
                    540
                ],
                "y_limits": [
                    120,
                    240
                ],
                "motion_vectors": [
                    [
                        -1.8031256933594133,
                        -0.026260000844026687
                    ],
                    [
                        0.13703928488688996,
                        2.4087870554747894
                    ],
                    [
                        -0.04434869201048158,
                        0.006301950796450004
                    ],
                    [
                        -0.02918328633616888,
                        0.011415537760972774
                    ]
                ],
                "transition_matrix": [
                    [
                        0.4799836749443565,
                        0.28097255331656734,
                        0.15286373532110178,
                        0.08618003641797439
                    ],
                    [
                        0.4799674552012963,
                        0.28096063598713494,
                        0.15286286263842278,
                        0.08620904617314588
                    ],
                    [
                        0.4799722661654844,
                        0.28094692024532103,
                        0.15286049435807492,
                        0.08622031923111959
                    ],
                    [
                        0.4799745410111406,
                        0.2809440006611098,
                        0.15285854486718758,
                        0.08622291346056198
                    ]
                ],
                "motion_vectors_variance": [
                    1.0198211577779057,
                    4.381893556546574,
                    0.7983524499366377,
                    0.4139193547022184
                ],
                "motion_vectors_priors": [
                    0.47692307692307695,
                    0.3333333333333333,
                    0.15897435897435896,
                    0.03076923076923077
                ],
                "init_position_prior": 0.13793103448275862
            },
            {
                "centroid": [
                    450.0,
                    300.0
                ],
                "x_limits": [
                    360,
                    540
                ],
                "y_limits": [
                    240,
                    360
                ],
                "motion_vectors": [
                    [
                        0.8239744286210713,
                        -0.4600452773283402
                    ],
                    [
                        0.9136797016322871,
                        -0.4575547420104581
                    ],
                    [
                        0.9584623378826662,
                        -0.4731523222600558
                    ],
                    [
                        0.7761227561640841,
                        -0.4455783707593165
                    ]
                ],
                "transition_matrix": [
                    [
                        0.4799844028165505,
                        0.2809704181903893,
                        0.15286243184265255,
                        0.08618274715040744
                    ],
                    [
                        0.47996769386740307,
                        0.2809599999170845,
                        0.1528622006691258,
                        0.08621010554638645
                    ],
                    [
                        0.47997231236317683,
                        0.28094688398644285,
                        0.15286008891799288,
                        0.08622071473238735
                    ],
                    [
                        0.47997452773270244,
                        0.2809441492205509,
                        0.15285821829671162,
                        0.086223104750035
                    ]
                ],
                "motion_vectors_variance": [
                    0.7413846801612252,
                    0.677055648243099,
                    0.6570576764527898,
                    0.7146085195685998
                ],
                "motion_vectors_priors": [
                    0.4563279857397504,
                    0.37967914438502676,
                    0.08912655971479501,
                    0.0748663101604278
                ],
                "init_position_prior": 0.10344827586206896
            },
            {
                "centroid": [
                    450.0,
                    420.0
                ],
                "x_limits": [
                    360,
                    540
                ],
                "y_limits": [
                    360,
                    480
                ],
                "motion_vectors": [
                    [
                        0.0,
                        0.0
                    ],
                    [
                        0.0,
                        0.0
                    ],
                    [
                        0.0,
                        1.168e-320
                    ],
                    [
                        1.6021618243096824e-306,
                        7.566025222989029e-307
                    ]
                ],
                "transition_matrix": [
                    [
                        0.4800337622362026,
                        0.2809887790004168,
                        0.15285827417079173,
                        0.08611918459258884
                    ],
                    [
                        0.4800165232501739,
                        0.28098045349047107,
                        0.1528589123317849,
                        0.08614411092757011
                    ],
                    [
                        0.4800208968855025,
                        0.2809682730304458,
                        0.152857183470678,
                        0.0861536466133736
                    ],
                    [
                        0.48002303248003003,
                        0.28096584328035934,
                        0.15285543877857993,
                        0.0861556854610307
                    ]
                ],
                "motion_vectors_variance": [
                    0.0,
                    0.0,
                    0.0,
                    0.0
                ],
                "motion_vectors_priors": [
                    2.15278324394e-312,
                    0.0,
                    0.0,
                    7.4e-323
                ],
                "init_position_prior": 0.0
            }
        ],
        [
            {
                "centroid": [
                    630.0,
                    60.0
                ],
                "x_limits": [
                    540,
                    720
                ],
                "y_limits": [
                    0,
                    120
                ],
                "motion_vectors": [
                    [
                        -0.9773506295710265,
                        0.8850648326199306
                    ],
                    [
                        0.03309908769270575,
                        0.9597007739425659
                    ],
                    [
                        -0.2874760724068741,
                        0.21871412540038354
                    ],
                    [
                        0.3226591579979212,
                        0.16756153586789435
                    ]
                ],
                "transition_matrix": [
                    [
                        0.4812510212327697,
                        0.2770173947493134,
                        0.15125468689450836,
                        0.09047689712340841
                    ],
                    [
                        0.4812347022419484,
                        0.27699186540532184,
                        0.15125061164176307,
                        0.09052282071096672
                    ],
                    [
                        0.4812401127326191,
                        0.27697181699942386,
                        0.15124663520866555,
                        0.09054143505929159
                    ],
                    [
                        0.4812424376978635,
                        0.27696689182956713,
                        0.15124426133864358,
                        0.09054640913392582
                    ]
                ],
                "motion_vectors_variance": [
                    6.076416791008449,
                    6.798198035349812,
                    6.525484779442226,
                    5.676726582517113
                ],
                "motion_vectors_priors": [
                    0.39473684210526316,
                    0.3263157894736842,
                    0.15789473684210525,
                    0.12105263157894737
                ],
                "init_position_prior": 0.034482758620689655
            },
            {
                "centroid": [
                    630.0,
                    180.0
                ],
                "x_limits": [
                    540,
                    720
                ],
                "y_limits": [
                    120,
                    240
                ],
                "motion_vectors": [
                    [
                        3.0507805875021314,
                        0.15706137267284942
                    ],
                    [
                        0.7067386060602219,
                        0.10731717110942307
                    ],
                    [
                        0.7433838902854932,
                        -0.18360011356113087
                    ],
                    [
                        -0.6247815105749888,
                        0.016923235248577122
                    ]
                ],
                "transition_matrix": [
                    [
                        0.48139495075911765,
                        0.2767215627375404,
                        0.15111909193672812,
                        0.09076439456661382
                    ],
                    [
                        0.48137769250915435,
                        0.2766982788143596,
                        0.15111615046416235,
                        0.09080787821232367
                    ],
                    [
                        0.48138273042151775,
                        0.27667919091331106,
                        0.15111265411403663,
                        0.09082542455113463
                    ],
                    [
                        0.4813849227520396,
                        0.27667458213814317,
                        0.15111044487742745,
                        0.09083005023238977
                    ]
                ],
                "motion_vectors_variance": [
                    31.962451698339756,
                    12.362169864265999,
                    9.439810960885298,
                    12.877249825968844
                ],
                "motion_vectors_priors": [
                    0.5046296296296297,
                    0.23148148148148148,
                    0.14814814814814814,
                    0.11574074074074074
                ],
                "init_position_prior": 0.0
            },
            {
                "centroid": [
                    630.0,
                    300.0
                ],
                "x_limits": [
                    540,
                    720
                ],
                "y_limits": [
                    240,
                    360
                ],
                "motion_vectors": [
                    [
                        0.3714197740458374,
                        -0.04059906528370573
                    ],
                    [
                        0.16655515517280012,
                        -0.22364382205761285
                    ],
                    [
                        -0.0011888887984912166,
                        0.1910522874852053
                    ],
                    [
                        0.04905291388206584,
                        -0.17004565660739024
                    ]
                ],
                "transition_matrix": [
                    [
                        0.48139575782709587,
                        0.27672040133372566,
                        0.15111862464643827,
                        0.0907652161927402
                    ],
                    [
                        0.4813783471744101,
                        0.27669761450860103,
                        0.15111589595354585,
                        0.09080814236344313
                    ],
                    [
                        0.48138332099086495,
                        0.27667873504696194,
                        0.15111248887175202,
                        0.09082545509042105
                    ],
                    [
                        0.48138549279880266,
                        0.27667419253876885,
                        0.15111030799750086,
                        0.09083000666492752
                    ]
                ],
                "motion_vectors_variance": [
                    3.8924496927292562,
                    3.321211427435508,
                    3.9593029058510805,
                    3.837091714065829
                ],
                "motion_vectors_priors": [
                    0.698005698005698,
                    0.1908831908831909,
                    0.07977207977207977,
                    0.03133903133903134
                ],
                "init_position_prior": 0.0
            },
            {
                "centroid": [
                    630.0,
                    420.0
                ],
                "x_limits": [
                    540,
                    720
                ],
                "y_limits": [
                    360,
                    480
                ],
                "motion_vectors": [
                    [
                        -0.18293083580429967,
                        -0.12617126292294195
                    ],
                    [
                        -0.22424920488979755,
                        -0.11150659055001018
                    ],
                    [
                        -0.6954961834318217,
                        -0.07335779867709555
                    ],
                    [
                        -0.7624845259225587,
                        -0.11895486696207176
                    ]
                ],
                "transition_matrix": [
                    [
                        0.48141651489229337,
                        0.2768921863656376,
                        0.15116042601006402,
                        0.09053087273200497
                    ],
                    [
                        0.4813986439933354,
                        0.27687201733636624,
                        0.15115864123810147,
                        0.09057069743219685
                    ],
                    [
                        0.48140337435065056,
                        0.2768543140585657,
                        0.15115566064930844,
                        0.09058665094147536
                    ],
                    [
                        0.48140547169448306,
                        0.2768501524940359,
                        0.15115361589234097,
                        0.09059075991914016
                    ]
                ],
                "motion_vectors_variance": [
                    3.4047360566648996,
                    3.416269662828902,
                    3.3982532888303982,
                    3.6017817261632743
                ],
                "motion_vectors_priors": [
                    0.5344827586206896,
                    0.17672413793103448,
                    0.14655172413793102,
                    0.14224137931034483
                ],
                "init_position_prior": 0.034482758620689655
            }
        ]
    ]
}