{
    "width": 720.0,
    "height": 480.0,
    "nr_nodes": 16,
    "side": 4,
    "x_interval": 180.0,
    "y_interval": 120.0,
    "nr_fields": 4,
    "grid_matrix": [
        [
            {
                "centroid": [
                    90.0,
                    60.0
                ],
                "x_limits": [
                    0,
                    180
                ],
                "y_limits": [
                    0,
                    120
                ],
                "motion_vectors": [
                    [
                        -0.8168620174708672,
                        -0.5243101629242801
                    ],
                    [
                        -0.878747681063489,
                        -0.5308187226843215
                    ],
                    [
                        -0.9081381925583413,
                        -0.434987410435132
                    ],
                    [
                        -0.984192334350181,
                        -0.2536194516449653
                    ]
                ],
                "transition_matrix": [
                    [
                        0.48346214528490467,
                        0.2827629432461158,
                        0.15357314188574842,
                        0.08020176958323119
                    ],
                    [
                        0.48344828687252167,
                        0.28275916772976695,
                        0.1535741595942131,
                        0.08021838580349817
                    ],
                    [
                        0.48345298423944927,
                        0.2827501988577036,
                        0.15357240358155425,
                        0.08022441332129278
                    ],
                    [
                        0.4834556549654977,
                        0.282748515598937,
                        0.15357057613723996,
                        0.0802252532983254
                    ]
                ],
                "motion_vectors_variance": [
                    0.8392369921049009,
                    0.7570261440975851,
                    0.7616925863063692,
                    0.8728459576888824
                ],
                "motion_vectors_priors": [
                    0.3213965980304387,
                    0.2873769024171889,
                    0.23276633840644584,
                    0.1584601611459266
                ],
                "init_position_prior": 0.13793103448275862
            },
            {
                "centroid": [
                    90.0,
                    180.0
                ],
                "x_limits": [
                    0,
                    180
                ],
                "y_limits": [
                    120,
                    240
                ],
                "motion_vectors": [
                    [
                        0.5229033274584014,
                        0.4769691198057515
                    ],
                    [
                        -0.11675546905763895,
                        -0.3444193434192009
                    ],
                    [
                        0.5488865112524608,
                        -0.2355299315673902
                    ],
                    [
                        -0.0701001239793375,
                        -0.00445943153333693
                    ]
                ],
                "transition_matrix": [
                    [
                        0.48345509699781714,
                        0.2827786783512669,
                        0.15358024321798314,
                        0.08018598143293293
                    ],
                    [
                        0.48344115739031723,
                        0.28277511656621657,
                        0.15358134804378884,
                        0.08020237799967732
                    ],
                    [
                        0.4834458239866423,
                        0.2827662301597295,
                        0.15357962530055513,
                        0.0802083205530732
                    ],
                    [
                        0.48344848573586924,
                        0.2827645726689756,
                        0.15357780774506294,
                        0.08020913385009219
                    ]
                ],
                "motion_vectors_variance": [
                    2.14741139943749,
                    2.477769911842943,
                    1.8678172456722981,
                    2.352775570277272
                ],
                "motion_vectors_priors": [
                    0.46835443037974683,
                    0.2805907172995781,
                    0.22257383966244726,
                    0.028481012658227847
                ],
                "init_position_prior": 0.13793103448275862
            },
            {
                "centroid": [
                    90.0,
                    300.0
                ],
                "x_limits": [
                    0,
                    180
                ],
                "y_limits": [
                    240,
                    360
                ],
                "motion_vectors": [
                    [
                        0.4105330880578007,
                        1.5519220240337952
                    ],
                    [
                        0.439862746692123,
                        1.3131828080437922
                    ],
                    [
                        0.05318332748104865,
                        1.0735519584496442
                    ],
                    [
                        0.2946823541433609,
                        -0.009834306391317119
                    ]
                ],
                "transition_matrix": [
                    [
                        0.4834551102842983,
                        0.2827786520152566,
                        0.15358023098135856,
                        0.08018600671908656
                    ],
                    [
                        0.4834411609810436,
                        0.28277510737156086,
                        0.1535813439554563,
                        0.08020238769193934
                    ],
                    [
                        0.483445825140593,
                        0.28276622726613554,
                        0.15357962405780376,
                        0.08020832353546767
                    ],
                    [
                        0.4834484860751546,
                        0.2827645718482899,
                        0.1535778073861038,
                        0.08020913469045177
                    ]
                ],
                "motion_vectors_variance": [
                    10.209389027165463,
                    2.1378399348014927,
                    1.499963172076286,
                    2.485284419309362
                ],
                "motion_vectors_priors": [
                    0.4758933635847986,
                    0.35450935904707886,
                    0.13272830402722632,
                    0.0368689733408962
                ],
                "init_position_prior": 0.034482758620689655
            },
            {
                "centroid": [
                    90.0,
                    420.0
                ],
                "x_limits": [
                    0,
                    180
                ],
                "y_limits": [
                    360,
                    480
                ],
                "motion_vectors": [
                    [
                        3.0952761931804913,
                        1.537625931342127
                    ],
                    [
                        2.01525573606453,
                        -0.4948535126252117
                    ],
                    [
                        2.6014894380178957,
                        0.08966583605948528
                    ],
                    [
                        -0.8689870151832149,
                        -0.027251923767553022
                    ]
                ],
                "transition_matrix": [
                    [
                        0.4834622435935438,
                        0.2827627382072818,
                        0.15357304770826,
                        0.08020197049091446
                    ],
                    [
                        0.48344831806215205,
                        0.2827590961396568,
                        0.15357412709810017,
                        0.08021845870009102
                    ],
                    [
                        0.48345299486946025,
                        0.2827501763726193,
                        0.15357239324874133,
                        0.08022443550917911
                    ],
                    [
                        0.4834556590436254,
                        0.28274850868153506,
                        0.1535705726391439,
                        0.08022525963569554
                    ]
                ],
                "motion_vectors_variance": [
                    0.7720948007098078,
                    1.6194905040581966,
                    1.5178572400955028,
                    1.0006865283483584
                ],
                "motion_vectors_priors": [
                    0.38817663817663817,
                    0.37535612535612534,
                    0.16381766381766383,
                    0.07264957264957266
                ],
                "init_position_prior": 0.06896551724137931
            }
        ],
        [
            {
                "centroid": [
                    270.0,
                    60.0
                ],
                "x_limits": [
                    180,
                    360
                ],
                "y_limits": [
                    0,
                    120
                ],
                "motion_vectors": [
                    [
                        -0.5949765459563063,
                        -0.13708942696934218
                    ],
                    [
                        1.037459317682773,
                        1.1547829711491535
                    ],
                    [
                        0.8478318224687709,
                        0.1129062171961896
                    ],
                    [
                        0.45607766538173944,
                        -0.08789645993143316
                    ]
                ],
                "transition_matrix": [
                    [
                        0.4835879336530732,
                        0.2824822406702145,
                        0.1534464460420144,
                        0.08048337963469797
                    ],
                    [
                        0.4835750712538081,
                        0.2824755352523547,
                        0.15344631887837112,
                        0.08050307461546617
                    ],
                    [
                        0.48358018314512513,
                        0.28246542176901207,
                        0.15344411643081216,
                        0.08051027865505055
                    ],
                    [
                        0.48358297069667217,
                        0.28246338342856064,
                        0.15344215813397338,
                        0.0805114877407937
                    ]
                ],
                "motion_vectors_variance": [
                    4.3329466753674595,
                    3.0077960049195336,
                    1.7989711142196283,
                    1.7503581232567438
                ],
                "motion_vectors_priors": [
                    0.5412782956058588,
                    0.2589880159786951,
                    0.1644474034620506,
                    0.035286284953395475
                ],
                "init_position_prior": 0.10344827586206896
            },
            {
                "centroid": [
                    270.0,
                    180.0
                ],
                "x_limits": [
                    180,
                    360
                ],
                "y_limits": [
                    120,
                    240
                ],
                "motion_vectors": [
                    [
                        0.16930054261345306,
                        -0.04474955988626206
                    ],
                    [
                        0.2825296888901252,
                        -0.03725974124265152
                    ],
                    [
                        0.2085591687433191,
                        -0.03938383545816951
                    ],
                    [
                        0.38580605446338206,
                        -0.03810002300352866
                    ]
                ],
                "transition_matrix": [
                    [
                        0.4835849403453228,
                        0.2824889240846442,
                        0.15344946200353735,
                        0.08047667356649552
                    ],
                    [
                        0.48357200304742465,
                        0.2824824002916643,
                        0.15344941266848675,
                        0.08049618399242432
                    ],
                    [
                        0.4835770870872514,
                        0.28247235497575457,
                        0.15344723926636109,
                        0.08050331867063316
                    ],
                    [
                        0.4835798663308976,
                        0.28247033766437635,
                        0.1534452897056687,
                        0.0805045062990572
                    ]
                ],
                "motion_vectors_variance": [
                    1.2423443752719965,
                    1.232570233999725,
                    1.2321879105692524,
                    1.2296892150020513
                ],
                "motion_vectors_priors": [
                    0.43133462282398455,
                    0.3913604126370084,
                    0.1470019342359768,
                    0.030303030303030304
                ],
                "init_position_prior": 0.06896551724137931
            },
            {
                "centroid": [
                    270.0,
                    300.0
                ],
                "x_limits": [
                    180,
                    360
                ],
                "y_limits": [
                    240,
                    360
                ],
                "motion_vectors": [
                    [
                        -0.17580651191770724,
                        -0.4223355889224347
                    ],
                    [
                        0.5481672578745411,
                        -0.10820589142051729
                    ],
                    [
                        0.1213670631494258,
                        0.7845804453972466
                    ],
                    [
                        0.16666235402484977,
                        0.27617246405990126
                    ]
                ],
                "transition_matrix": [
                    [
                        0.4835849958203512,
                        0.2824888070785755,
                        0.15344940848385413,
                        0.08047678861721921
                    ],
                    [
                        0.483572020071765,
                        0.2824823598166735,
                        0.1534493945384304,
                        0.08049622557313099
                    ],
                    [
                        0.4835770923097873,
                        0.28247234264848403,
                        0.1534472338371151,
                        0.08050333120461356
                    ],
                    [
                        0.48357986781089723,
                        0.28247033422636014,
                        0.1534452881786939,
                        0.08050450978404866
                    ]
                ],
                "motion_vectors_variance": [
                    4.870119217549828,
                    0.7938707129589001,
                    2.0589265045153375,
                    1.1016383422601226
                ],
                "motion_vectors_priors": [
                    0.6474184782608695,
                    0.19904891304347827,
                    0.11277173913043478,
                    0.04076086956521739
                ],
                "init_position_prior": 0.0
            },
            {
                "centroid": [
                    270.0,
                    420.0
                ],
                "x_limits": [
                    180,
                    360
                ],
                "y_limits": [
                    360,
                    480
                ],
                "motion_vectors": [
                    [
                        -2.1664187959163486,
                        -0.8206353638562692
                    ],
                    [
                        -0.45793154950977166,
                        -13.605180868334491
                    ],
                    [
                        -1.1480408306029148,
                        0.16009458612658373
                    ],
                    [
                        -0.18485304803904862,
                        0.4492049086582125
                    ]
                ],
                "transition_matrix": [
                    [
                        0.48358812189452477,
                        0.2824818400252425,
                        0.15344626302287162,
                        0.0804837750573611
                    ],
                    [
                        0.48357513228067517,
                        0.2824753959018683,
                        0.15344625580978072,
                        0.08050321600767589
                    ],
                    [
                        0.48358020298138227,
                        0.2824653788447225,
                        0.15344409686926685,
                        0.08051032130462828
                    ],
                    [
                        0.48358297757031066,
                        0.28246337076223355,
                        0.15344215195810498,
                        0.08051149970935075
                    ]
                ],
                "motion_vectors_variance": [
                    11.22915113469269,
                    8.862132017633975,
                    3.072850526065472,
                    3.291558922655683
                ],
                "motion_vectors_priors": [
                    0.6797020484171322,
                    0.19646182495344505,
                    0.07635009310986965,
                    0.04748603351955307
                ],
                "init_position_prior": 0.06896551724137931
            }
        ],
        [
            {
                "centroid": [
                    450.0,
                    60.0
                ],
                "x_limits": [
                    360,
                    540
                ],
                "y_limits": [
                    0,
                    120
                ],
                "motion_vectors": [
                    [
                        2.164550022378287,
                        0.16283468419849134
                    ],
                    [
                        0.023410599376412447,
                        -0.11858888709579224
                    ],
                    [
                        0.42707105080325497,
                        -0.007015352104727597
                    ],
                    [
                        0.08548154758566466,
                        -0.02207128614898156
                    ]
                ],
                "transition_matrix": [
                    [
                        0.4837804785986686,
                        0.2820525269926282,
                        0.1532525021882999,
                        0.0809144922204034
                    ],
                    [
                        0.4837690459416464,
                        0.28204159502885123,
                        0.15325073451970192,
                        0.08093862450980052
                    ],
                    [
                        0.4837747477517802,
                        0.2820298209310235,
                        0.15324788985527887,
                        0.08094754146191739
                    ],
                    [
                        0.48377770151528166,
                        0.2820272648426263,
                        0.1532457433693789,
                        0.08094929027271307
                    ]
                ],
                "motion_vectors_variance": [
                    0.6206724369171697,
                    0.4423601125138448,
                    1.165481773388571,
                    0.9267405300980804
                ],
                "motion_vectors_priors": [
                    0.32075471698113206,
                    0.2830188679245283,
                    0.22523584905660377,
                    0.17099056603773585
                ],
                "init_position_prior": 0.06896551724137931
            },
            {
                "centroid": [
                    450.0,
                    180.0
                ],
                "x_limits": [
                    360,
                    540
                ],
                "y_limits": [
                    120,
                    240
                ],
                "motion_vectors": [
                    [
                        0.31105820799572276,
                        2.8474861366816206
                    ],
                    [
                        0.02935449872305934,
                        -0.09850737692899907
                    ],
                    [
                        0.09552336270511322,
                        0.031955398165478016
                    ],
                    [
                        0.38789683481011994,
                        -0.0031278459346360046
                    ]
                ],
                "transition_matrix": [
                    [
                        0.48378364610361557,
                        0.2820454596735571,
                        0.15324931214352483,
                        0.08092158207930264
                    ],
                    [
                        0.48377217429309816,
                        0.2820345982130795,
                        0.1532475805061027,
                        0.08094564698771964
                    ],
                    [
                        0.4837778630014751,
                        0.2820228480849697,
                        0.15324474835839755,
                        0.08095454055515765
                    ],
                    [
                        0.48378081253721483,
                        0.2820202991459912,
                        0.15324260581382443,
                        0.08095628250296952
                    ]
                ],
                "motion_vectors_variance": [
                    1.0014705997413822,
                    0.7614305216510459,
                    0.3621242140141858,
                    0.2385674673680878
                ],
                "motion_vectors_priors": [
                    0.47692307692307695,
                    0.3333333333333333,
                    0.15897435897435896,
                    0.03076923076923077
                ],
                "init_position_prior": 0.13793103448275862
            },
            {
                "centroid": [
                    450.0,
                    300.0
                ],
                "x_limits": [
                    360,
                    540
                ],
                "y_limits": [
                    240,
                    360
                ],
                "motion_vectors": [
                    [
                        0.9241344885851381,
                        -0.46641083894389546
                    ],
                    [
                        0.9240802031512011,
                        -0.4607826028373583
                    ],
                    [
                        0.9380699647503626,
                        -0.4574774665639972
                    ],
                    [
                        0.7922181671635837,
                        -0.40665184596376663
                    ]
                ],
                "transition_matrix": [
                    [
                        0.48378372430525934,
                        0.28204529522700833,
                        0.1532492368253309,
                        0.08092174364240141
                    ],
                    [
                        0.48377219849249875,
                        0.2820345405783387,
                        0.15324755470590837,
                        0.0809457062232541
                    ],
                    [
                        0.48377787044934356,
                        0.2820228304642583,
                        0.1532447406078643,
                        0.08095455847853371
                    ],
                    [
                        0.4837808146315873,
                        0.2820202942650381,
                        0.15324260364977127,
                        0.08095628745360339
                    ]
                ],
                "motion_vectors_variance": [
                    0.6444528588617349,
                    0.6098101181383375,
                    0.6109631848602196,
                    0.6931514930959706
                ],
                "motion_vectors_priors": [
                    0.5187165775401069,
                    0.357397504456328,
                    0.07575757575757576,
                    0.0481283422459893
                ],
                "init_position_prior": 0.10344827586206896
            },
            {
                "centroid": [
                    450.0,
                    420.0
                ],
                "x_limits": [
                    360,
                    540
                ],
                "y_limits": [
                    360,
                    480
                ],
                "motion_vectors": [
                    [
                        0.9221014596233161,
                        -0.40706033640352507
                    ],
                    [
                        0.9000211792692729,
                        -0.4837852475992117
                    ],
                    [
                        0.8759653153942929,
                        -0.45799886888155694
                    ],
                    [
                        0.9341868943022704,
                        -0.38723223400717777
                    ]
                ],
                "transition_matrix": [
                    [
                        0.48378076168133255,
                        0.2820519157209285,
                        0.153252224005783,
                        0.08091509859195589
                    ],
                    [
                        0.48376913938639676,
                        0.28204138278447055,
                        0.15325063861199684,
                        0.0809388392171358
                    ],
                    [
                        0.4837747772014922,
                        0.2820297563878471,
                        0.1532478605732368,
                        0.0809476058374239
                    ],
                    [
                        0.483777710993587,
                        0.28202724632532317,
                        0.15324573456126414,
                        0.08094930811982569
                    ]
                ],
                "motion_vectors_variance": [
                    0.0,
                    0.0,
                    0.0,
                    0.0
                ],
                "motion_vectors_priors": [
                    2e-323,
                    2e-323,
                    1.6e-322,
                    4e-323
                ],
                "init_position_prior": 0.0
            }
        ],
        [
            {
                "centroid": [
                    630.0,
                    60.0
                ],
                "x_limits": [
                    540,
                    720
                ],
                "y_limits": [
                    0,
                    120
                ],
                "motion_vectors": [
                    [
                        0.3584934215472455,
                        -2.8179820975600722
                    ],
                    [
                        -0.02261044048800256,
                        -0.06904500620880895
                    ],
                    [
                        0.12061912678074316,
                        0.4712088152830439
                    ],
                    [
                        0.01874881447120997,
                        -0.24849601550150766
                    ]
                ],
                "transition_matrix": [
                    [
                        0.48390629044692335,
                        0.28177172827444696,
                        0.15312577300590138,
                        0.08119620827272835
                    ],
                    [
                        0.48389584595741736,
                        0.28175793139396743,
                        0.15312288525192227,
                        0.08122333739669277
                    ],
                    [
                        0.48390194922456803,
                        0.2817450330235039,
                        0.15311960332402497,
                        0.08123341442790323
                    ],
                    [
                        0.4839050167972682,
                        0.28174212594227055,
                        0.15311732837618525,
                        0.08123552888427593
                    ]
                ],
                "motion_vectors_variance": [
                    6.158772178922708,
                    6.953381055368089,
                    7.550927534954145,
                    6.5468882282567025
                ],
                "motion_vectors_priors": [
                    0.39473684210526316,
                    0.3263157894736842,
                    0.15789473684210525,
                    0.12105263157894737
                ],
                "init_position_prior": 0.034482758620689655
            },
            {
                "centroid": [
                    630.0,
                    180.0
                ],
                "x_limits": [
                    540,
                    720
                ],
                "y_limits": [
                    120,
                    240
                ],
                "motion_vectors": [
                    [
                        0.5509792656574514,
                        0.2517740366257953
                    ],
                    [
                        -1.2138114853852442,
                        -0.08493495612260021
                    ],
                    [
                        0.08876381166153224,
                        0.12224594379395914
                    ],
                    [
                        -0.27515306897403996,
                        0.08733962218523264
                    ]
                ],
                "transition_matrix": [
                    [
                        0.48391354294512356,
                        0.2817555511432821,
                        0.15311847092480943,
                        0.08121243498678497
                    ],
                    [
                        0.48390304308764315,
                        0.28174182891298305,
                        0.15311562767878747,
                        0.08123950032058633
                    ],
                    [
                        0.48390913080750814,
                        0.2817289547717567,
                        0.1531123606111696,
                        0.08124955380956564
                    ],
                    [
                        0.483912192921078,
                        0.2817260551300046,
                        0.15311009055896904,
                        0.08125166138994835
                    ]
                ],
                "motion_vectors_variance": [
                    8.912749521158496,
                    9.018891677595848,
                    9.359549142553611,
                    9.77071313885534
                ],
                "motion_vectors_priors": [
                    0.5046296296296297,
                    0.23148148148148148,
                    0.14814814814814814,
                    0.11574074074074074
                ],
                "init_position_prior": 0.0
            },
            {
                "centroid": [
                    630.0,
                    300.0
                ],
                "x_limits": [
                    540,
                    720
                ],
                "y_limits": [
                    240,
                    360
                ],
                "motion_vectors": [
                    [
                        0.029182262508253447,
                        -0.11765894452109951
                    ],
                    [
                        -0.4389895561590264,
                        -0.03612639705027901
                    ],
                    [
                        0.1486321141495505,
                        0.10732384160129499
                    ],
                    [
                        0.4968450772424885,
                        -0.1251207775977726
                    ]
                ],
                "transition_matrix": [
                    [
                        0.4839135692362351,
                        0.2817554937167762,
                        0.1531184448885536,
                        0.08121249215843514
                    ],
                    [
                        0.48390305169525655,
                        0.28174180920355896,
                        0.15311561881346872,
                        0.08123952028771575
                    ],
                    [
                        0.48390913338320546,
                        0.2817289488896279,
                        0.15311235798321268,
                        0.081249559743954
                    ],
                    [
                        0.4839121936299718,
                        0.281726053521764,
                        0.15311008983790073,
                        0.08125166301036359
                    ]
                ],
                "motion_vectors_variance": [
                    3.972666776098172,
                    3.5714635470016596,
                    8.494792920744624,
                    3.923223721884184
                ],
                "motion_vectors_priors": [
                    0.698005698005698,
                    0.1908831908831909,
                    0.07977207977207977,
                    0.03133903133903134
                ],
                "init_position_prior": 0.0
            },
            {
                "centroid": [
                    630.0,
                    420.0
                ],
                "x_limits": [
                    540,
                    720
                ],
                "y_limits": [
                    360,
                    480
                ],
                "motion_vectors": [
                    [
                        -0.582075114163713,
                        -0.08303213973567322
                    ],
                    [
                        -0.32782849362899014,
                        -0.14078273950956524
                    ],
                    [
                        -0.21982990676311745,
                        -0.05952865747033946
                    ],
                    [
                        -0.10578523433942105,
                        -0.06857513511374626
                    ]
                ],
                "transition_matrix": [
                    [
                        0.48390659520855217,
                        0.28177106635231375,
                        0.15312547223808684,
                        0.08119686620104713
                    ],
                    [
                        0.48389594719048723,
                        0.28175770172988945,
                        0.1531227815684429,
                        0.0812235695111804
                    ],
                    [
                        0.48390198066968165,
                        0.281744963578056,
                        0.15311957190553233,
                        0.08123348384673004
                    ],
                    [
                        0.48390502653004247,
                        0.28174210629390056,
                        0.1531173191555145,
                        0.08123554802054249
                    ]
                ],
                "motion_vectors_variance": [
                    3.7091741429571634,
                    3.6095751364980284,
                    3.646882681594049,
                    3.6174092183020763
                ],
                "motion_vectors_priors": [
                    0.5344827586206896,
                    0.17672413793103448,
                    0.14655172413793102,
                    0.14224137931034483
                ],
                "init_position_prior": 0.034482758620689655
            }
        ]
    ]
}