{
    "width": 720.0,
    "height": 480.0,
    "nr_nodes": 25,
    "side": 5,
    "x_interval": 144.0,
    "y_interval": 96.0,
    "nr_fields": 6,
    "grid_matrix": [
        [
            {
                "centroid": [
                    72.0,
                    48.0
                ],
                "x_limits": [
                    0,
                    144
                ],
                "y_limits": [
                    0,
                    96
                ],
                "motion_vectors": [
                    [
                        0.0,
                        0.0
                    ],
                    [
                        0.0,
                        0.0
                    ],
                    [
                        0.0,
                        0.0
                    ],
                    [
                        0.0,
                        0.0
                    ],
                    [
                        0.0,
                        0.0
                    ],
                    [
                        0.0,
                        0.0
                    ]
                ],
                "transition_matrix": [
                    [
                        0.34338921524122823,
                        0.21684738103447299,
                        0.1530937886766649,
                        0.12522059357329685,
                        0.09252377202273539,
                        0.06892524945160158
                    ],
                    [
                        0.344790063291443,
                        0.21487786006148066,
                        0.15265113350377157,
                        0.12462573627135204,
                        0.0936308344071891,
                        0.0694243724647637
                    ],
                    [
                        0.346032061596204,
                        0.2124408827793379,
                        0.1519505970814781,
                        0.12394597982317503,
                        0.09536333880365766,
                        0.07026713991614747
                    ],
                    [
                        0.34624801031321917,
                        0.2109617323511633,
                        0.1516189476348991,
                        0.12378870605031686,
                        0.09649062863221214,
                        0.07089197501818928
                    ],
                    [
                        0.34536758873735035,
                        0.20842825643983295,
                        0.15123706504223725,
                        0.12377571468585936,
                        0.09877027539783602,
                        0.07242109969688414
                    ],
                    [
                        0.344799149129904,
                        0.20711551313717047,
                        0.15107348824268435,
                        0.12382482883367109,
                        0.09996214397312383,
                        0.07322487668344636
                    ]
                ],
                "motion_vectors_variance": [
                    1.1685091361912718,
                    1.168534510354076,
                    1.1685057763129123,
                    1.1684902848213632,
                    1.1684157541313942,
                    1.1684165401421962
                ],
                "motion_vectors_priors": [
                    0.30385164051355207,
                    0.21825962910128388,
                    0.14978601997146934,
                    0.1355206847360913,
                    0.10699001426533523,
                    0.08559201141226819
                ],
                "init_position_prior": 0.10344827586206896
            },
            {
                "centroid": [
                    72.0,
                    144.0
                ],
                "x_limits": [
                    0,
                    144
                ],
                "y_limits": [
                    96,
                    192
                ],
                "motion_vectors": [
                    [
                        0.0,
                        0.0
                    ],
                    [
                        0.0,
                        0.0
                    ],
                    [
                        0.0,
                        0.0
                    ],
                    [
                        0.0,
                        0.0
                    ],
                    [
                        0.0,
                        0.0
                    ],
                    [
                        0.0,
                        0.0
                    ]
                ],
                "transition_matrix": [
                    [
                        0.34473207209173284,
                        0.21730756782228142,
                        0.1533806602135254,
                        0.12489245825305234,
                        0.0917695664145283,
                        0.06791767520487978
                    ],
                    [
                        0.34846103319750055,
                        0.21475162538518536,
                        0.15242785712078272,
                        0.12332085538789801,
                        0.09288987502366824,
                        0.06814875388496501
                    ],
                    [
                        0.35094110757526875,
                        0.21218011423920394,
                        0.15149813973054643,
                        0.12214188452557735,
                        0.09449418423014704,
                        0.06874456969925634
                    ],
                    [
                        0.35166122630949614,
                        0.2107082345668249,
                        0.15108963866728448,
                        0.12180225878101446,
                        0.0955082640414246,
                        0.06923037763395527
                    ],
                    [
                        0.35133462801520493,
                        0.20826833301633832,
                        0.15064882647096167,
                        0.121579295056802,
                        0.09760438879408727,
                        0.0705645286466059
                    ],
                    [
                        0.3510458202147327,
                        0.20706277153998434,
                        0.15046917921695657,
                        0.1215331133037101,
                        0.09865342139088948,
                        0.07123569433372683
                    ]
                ],
                "motion_vectors_variance": [
                    1.160036989918595,
                    1.1601198714071164,
                    1.1602557334157604,
                    1.160429282970861,
                    1.160538729762467,
                    1.1606804090875813
                ],
                "motion_vectors_priors": [
                    0.22126929674099485,
                    0.18867924528301888,
                    0.1835334476843911,
                    0.16981132075471697,
                    0.12521440823327615,
                    0.11149228130360206
                ],
                "init_position_prior": 0.10344827586206896
            },
            {
                "centroid": [
                    72.0,
                    240.0
                ],
                "x_limits": [
                    0,
                    144
                ],
                "y_limits": [
                    192,
                    288
                ],
                "motion_vectors": [
                    [
                        0.0,
                        0.0
                    ],
                    [
                        0.0,
                        0.0
                    ],
                    [
                        0.0,
                        0.0
                    ],
                    [
                        0.0,
                        0.0
                    ],
                    [
                        0.0,
                        0.0
                    ],
                    [
                        0.0,
                        0.0
                    ]
                ],
                "transition_matrix": [
                    [
                        0.34829912401837715,
                        0.21781786392964742,
                        0.15393101302222076,
                        0.123790776732719,
                        0.09042666607559488,
                        0.0657345562214408
                    ],
                    [
                        0.3570074727146969,
                        0.2142307781478268,
                        0.15184247233644035,
                        0.12021766934933026,
                        0.09136841713746258,
                        0.06533319031424316
                    ],
                    [
                        0.36160506707640455,
                        0.21155824440550167,
                        0.15050364288696239,
                        0.11820519910615657,
                        0.09265018878746926,
                        0.0654776577375056
                    ],
                    [
                        0.36315862075724475,
                        0.21015964113071464,
                        0.14996725391071405,
                        0.11758112302076393,
                        0.093422513065194,
                        0.06571084811536863
                    ],
                    [
                        0.3637334316396999,
                        0.20797114061251146,
                        0.1494378830591094,
                        0.11702271380686002,
                        0.09514598878954185,
                        0.06668884209227735
                    ],
                    [
                        0.3638519178054757,
                        0.20699441483223943,
                        0.14924123266058853,
                        0.1168422561633661,
                        0.09593174169159782,
                        0.06713843684673236
                    ]
                ],
                "motion_vectors_variance": [
                    1.7237975098051663,
                    1.72196224074237,
                    1.7229645811244043,
                    1.7222506771979555,
                    1.723657181280926,
                    1.7222640362149346
                ],
                "motion_vectors_priors": [
                    0.3860759493670886,
                    0.2199367088607595,
                    0.11867088607594936,
                    0.1060126582278481,
                    0.10126582278481013,
                    0.0680379746835443
                ],
                "init_position_prior": 0.0
            },
            {
                "centroid": [
                    72.0,
                    336.0
                ],
                "x_limits": [
                    0,
                    144
                ],
                "y_limits": [
                    288,
                    384
                ],
                "motion_vectors": [
                    [
                        0.0,
                        0.0
                    ],
                    [
                        0.0,
                        0.0
                    ],
                    [
                        0.0,
                        0.0
                    ],
                    [
                        0.0,
                        0.0
                    ],
                    [
                        0.0,
                        0.0
                    ],
                    [
                        0.0,
                        0.0
                    ]
                ],
                "transition_matrix": [
                    [
                        0.3531116402492591,
                        0.21687423377823478,
                        0.15467764233558146,
                        0.12195086755636929,
                        0.09000461704016642,
                        0.06338099904038896
                    ],
                    [
                        0.367562873012422,
                        0.21296927946311317,
                        0.15107002271700828,
                        0.11629275958086957,
                        0.08998448408752942,
                        0.062120581139057635
                    ],
                    [
                        0.37362816313898245,
                        0.2106311494525477,
                        0.14938078731015625,
                        0.11374823123896495,
                        0.09072957582405597,
                        0.061882093035292705
                    ],
                    [
                        0.3757385849361956,
                        0.2094515469922578,
                        0.1487487488329993,
                        0.1129701831716961,
                        0.09119589899130931,
                        0.06189503707554182
                    ],
                    [
                        0.37689087865329185,
                        0.20767183045970392,
                        0.1481702723139367,
                        0.11220432961214181,
                        0.09250421856994123,
                        0.06255847039098454
                    ],
                    [
                        0.37719422615260617,
                        0.20697841554216712,
                        0.14797493096854603,
                        0.11196807188207956,
                        0.09304096373866157,
                        0.06284339171593945
                    ]
                ],
                "motion_vectors_variance": [
                    2.11787748785558,
                    2.1172767556242147,
                    2.1172913863259595,
                    2.116843472599401,
                    2.1172603178507323,
                    2.116715204095255
                ],
                "motion_vectors_priors": [
                    0.4658040665434381,
                    0.1866913123844732,
                    0.13493530499075784,
                    0.09426987060998152,
                    0.08317929759704251,
                    0.03512014787430684
                ],
                "init_position_prior": 0.06896551724137931
            },
            {
                "centroid": [
                    72.0,
                    432.0
                ],
                "x_limits": [
                    0,
                    144
                ],
                "y_limits": [
                    384,
                    480
                ],
                "motion_vectors": [
                    [
                        0.0,
                        0.0
                    ],
                    [
                        0.0,
                        0.0
                    ],
                    [
                        0.0,
                        0.0
                    ],
                    [
                        0.0,
                        0.0
                    ],
                    [
                        0.0,
                        0.0
                    ],
                    [
                        0.0,
                        0.0
                    ]
                ],
                "transition_matrix": [
                    [
                        0.3562348883825342,
                        0.21594005629131313,
                        0.15504576777887552,
                        0.12064546593849439,
                        0.09003444599702211,
                        0.06209937561176081
                    ],
                    [
                        0.3736033199020524,
                        0.21214849405747957,
                        0.1505958547970543,
                        0.11401589238689168,
                        0.08928284184120594,
                        0.06035359701531605
                    ],
                    [
                        0.3800958015373284,
                        0.21010817920079436,
                        0.1487709385022623,
                        0.11134209256786817,
                        0.08971605286059176,
                        0.059966935331155005
                    ],
                    [
                        0.3823735092048744,
                        0.20907435781783523,
                        0.14810688514172798,
                        0.11053717101875643,
                        0.0900212038474824,
                        0.05988687296932359
                    ],
                    [
                        0.3836869590615775,
                        0.2075345837148099,
                        0.14752102643132517,
                        0.10971903631607789,
                        0.09112213210333246,
                        0.0604162623728771
                    ],
                    [
                        0.38401010803668023,
                        0.20698967313953104,
                        0.14733339735301887,
                        0.10948166308314507,
                        0.09154531240075316,
                        0.06063984598687167
                    ]
                ],
                "motion_vectors_variance": [
                    1.1164355117982054,
                    1.1154789941406285,
                    1.1165039751817594,
                    1.1165194327024888,
                    1.117495521596861,
                    1.116990196146764
                ],
                "motion_vectors_priors": [
                    0.46511627906976744,
                    0.22868217054263565,
                    0.16149870801033592,
                    0.06330749354005168,
                    0.05426356589147287,
                    0.027131782945736434
                ],
                "init_position_prior": 0.0
            }
        ],
        [
            {
                "centroid": [
                    216.0,
                    48.0
                ],
                "x_limits": [
                    144,
                    288
                ],
                "y_limits": [
                    0,
                    96
                ],
                "motion_vectors": [
                    [
                        0.0,
                        0.0
                    ],
                    [
                        0.0,
                        0.0
                    ],
                    [
                        0.0,
                        0.0
                    ],
                    [
                        0.0,
                        0.0
                    ],
                    [
                        0.0,
                        0.0
                    ],
                    [
                        0.0,
                        0.0
                    ]
                ],
                "transition_matrix": [
                    [
                        0.3503504157372515,
                        0.21563942280432566,
                        0.15138594606774597,
                        0.12202348288611664,
                        0.09257323395337164,
                        0.06802749855118867
                    ],
                    [
                        0.34846743265557034,
                        0.21725418863487297,
                        0.15191356480517199,
                        0.12284781178794645,
                        0.09171156003531258,
                        0.06780544208112564
                    ],
                    [
                        0.3473143415102659,
                        0.21876828073534083,
                        0.15237829417800183,
                        0.12339897434856202,
                        0.09071206642212798,
                        0.06742804280570149
                    ],
                    [
                        0.3475532903540309,
                        0.22004807170387355,
                        0.15246609018819737,
                        0.1232723955100041,
                        0.08977035013616426,
                        0.06688980210773002
                    ],
                    [
                        0.35119718108051695,
                        0.22326360160014513,
                        0.15199912060788487,
                        0.1217900023935275,
                        0.08696942828680426,
                        0.06478066603112129
                    ],
                    [
                        0.35913585032601647,
                        0.22765287134507114,
                        0.15070435753816452,
                        0.11851856252826395,
                        0.08274276805221126,
                        0.06124559021027249
                    ]
                ],
                "motion_vectors_variance": [
                    0.3719429937199213,
                    0.3719295631426389,
                    0.37198516799194675,
                    0.3719617527856159,
                    0.37188807327210976,
                    0.37176112387217763
                ],
                "motion_vectors_priors": [
                    0.39532019704433496,
                    0.19950738916256158,
                    0.13423645320197045,
                    0.12192118226600986,
                    0.08866995073891626,
                    0.0603448275862069
                ],
                "init_position_prior": 0.10344827586206896
            },
            {
                "centroid": [
                    216.0,
                    144.0
                ],
                "x_limits": [
                    144,
                    288
                ],
                "y_limits": [
                    96,
                    192
                ],
                "motion_vectors": [
                    [
                        0.0,
                        0.0
                    ],
                    [
                        0.0,
                        0.0
                    ],
                    [
                        0.0,
                        0.0
                    ],
                    [
                        0.0,
                        0.0
                    ],
                    [
                        0.0,
                        0.0
                    ],
                    [
                        0.0,
                        0.0
                    ]
                ],
                "transition_matrix": [
                    [
                        0.3507233174766806,
                        0.21781078643439347,
                        0.15151964372573998,
                        0.121868346748897,
                        0.09099902653206655,
                        0.06707887908222247
                    ],
                    [
                        0.3496690845494207,
                        0.2189214563309307,
                        0.15183773071173462,
                        0.12231820804531657,
                        0.09037697827026839,
                        0.06687654209232877
                    ],
                    [
                        0.3495739345261097,
                        0.22034034856276213,
                        0.1520420224647416,
                        0.12237023279844035,
                        0.0893544004996128,
                        0.06631906114833343
                    ],
                    [
                        0.35064949892532693,
                        0.22175183156118172,
                        0.15193206944223722,
                        0.12186878728861186,
                        0.088240923585505,
                        0.06555688919713723
                    ],
                    [
                        0.3556398812507772,
                        0.2252548499009212,
                        0.15112918931695804,
                        0.11976359639931061,
                        0.08513033246335147,
                        0.06308215066868152
                    ],
                    [
                        0.36425599807746883,
                        0.22982372595142486,
                        0.14966405340478964,
                        0.11618557102630798,
                        0.08072656721831821,
                        0.05934408432169072
                    ]
                ],
                "motion_vectors_variance": [
                    1.2309439427933409,
                    1.2324970072534416,
                    1.2482090420794534,
                    1.2483070906109384,
                    1.236114940484174,
                    1.2129694142911709
                ],
                "motion_vectors_priors": [
                    0.39501779359430605,
                    0.2918149466192171,
                    0.15658362989323843,
                    0.09252669039145907,
                    0.03558718861209965,
                    0.028469750889679714
                ],
                "init_position_prior": 0.0
            },
            {
                "centroid": [
                    216.0,
                    240.0
                ],
                "x_limits": [
                    144,
                    288
                ],
                "y_limits": [
                    192,
                    288
                ],
                "motion_vectors": [
                    [
                        0.0,
                        0.0
                    ],
                    [
                        0.0,
                        0.0
                    ],
                    [
                        0.0,
                        0.0
                    ],
                    [
                        0.0,
                        0.0
                    ],
                    [
                        0.0,
                        0.0
                    ],
                    [
                        0.0,
                        0.0
                    ]
                ],
                "transition_matrix": [
                    [
                        0.3515647388268672,
                        0.22250210311035432,
                        0.15179777352921742,
                        0.12148631882568107,
                        0.08760158370607318,
                        0.06504748200180695
                    ],
                    [
                        0.3526603586509598,
                        0.22276558994149426,
                        0.15161479562233487,
                        0.12094392890836346,
                        0.08728978246225065,
                        0.0647255444145971
                    ],
                    [
                        0.3556893078242656,
                        0.22458373146392152,
                        0.15112245201704835,
                        0.11955005704651066,
                        0.08569239375471335,
                        0.06336205789354071
                    ],
                    [
                        0.3589824641872525,
                        0.22649434147560105,
                        0.15050926919630891,
                        0.11807768546026515,
                        0.08400343957631988,
                        0.061932800104252395
                    ],
                    [
                        0.3671740939125506,
                        0.23070101226692846,
                        0.14894201835334286,
                        0.11456142661821017,
                        0.08009650040135424,
                        0.05852494844761366
                    ],
                    [
                        0.37682501156595355,
                        0.2353929926915186,
                        0.14721397384736074,
                        0.11054306626979886,
                        0.07551554506840263,
                        0.05450941055696574
                    ]
                ],
                "motion_vectors_variance": [
                    0.40561508927778234,
                    0.40536616582940216,
                    0.4058395749179074,
                    0.4060236453411368,
                    0.40660175861079456,
                    0.4064755800900202
                ],
                "motion_vectors_priors": [
                    0.46861404599129897,
                    0.21379738968303294,
                    0.15910503418272218,
                    0.10130515848353014,
                    0.04599129894344313,
                    0.011187072715972654
                ],
                "init_position_prior": 0.034482758620689655
            },
            {
                "centroid": [
                    216.0,
                    336.0
                ],
                "x_limits": [
                    144,
                    288
                ],
                "y_limits": [
                    288,
                    384
                ],
                "motion_vectors": [
                    [
                        0.0,
                        0.0
                    ],
                    [
                        0.0,
                        0.0
                    ],
                    [
                        0.0,
                        0.0
                    ],
                    [
                        0.0,
                        0.0
                    ],
                    [
                        0.0,
                        0.0
                    ],
                    [
                        0.0,
                        0.0
                    ]
                ],
                "transition_matrix": [
                    [
                        0.3527357491278991,
                        0.2250651825234776,
                        0.1520009966882318,
                        0.12094002078856371,
                        0.08560172965267183,
                        0.06365632121915595
                    ],
                    [
                        0.35686018512164747,
                        0.2268640223248075,
                        0.1513151803983688,
                        0.11895224560508022,
                        0.08386849980227476,
                        0.06213986674782143
                    ],
                    [
                        0.3645776549687304,
                        0.23052357688407954,
                        0.1498733631260368,
                        0.11545478413596148,
                        0.08049506191460011,
                        0.059075558970591704
                    ],
                    [
                        0.3706834283309524,
                        0.2332599021736598,
                        0.1486111838365671,
                        0.11278115655485736,
                        0.07793316164532202,
                        0.056731167458641395
                    ],
                    [
                        0.38225436645687444,
                        0.23812638735772693,
                        0.14622092287275018,
                        0.10786535145265763,
                        0.07319993562411083,
                        0.05233303623588006
                    ],
                    [
                        0.39220682167050086,
                        0.24247684926362162,
                        0.1443588742001665,
                        0.10374872699320548,
                        0.06883788192479036,
                        0.04837084594771518
                    ]
                ],
                "motion_vectors_variance": [
                    1.3369473685785584,
                    1.336369019511957,
                    1.3370239414758638,
                    1.3370763459315056,
                    1.3380384958637135,
                    1.3375327417586107
                ],
                "motion_vectors_priors": [
                    0.42356115107913667,
                    0.3300359712230216,
                    0.08812949640287769,
                    0.06564748201438848,
                    0.05575539568345324,
                    0.0368705035971223
                ],
                "init_position_prior": 0.0
            },
            {
                "centroid": [
                    216.0,
                    432.0
                ],
                "x_limits": [
                    144,
                    288
                ],
                "y_limits": [
                    384,
                    480
                ],
                "motion_vectors": [
                    [
                        0.0,
                        0.0
                    ],
                    [
                        0.0,
                        0.0
                    ],
                    [
                        0.0,
                        0.0
                    ],
                    [
                        0.0,
                        0.0
                    ],
                    [
                        0.0,
                        0.0
                    ],
                    [
                        0.0,
                        0.0
                    ]
                ],
                "transition_matrix": [
                    [
                        0.3547574587081519,
                        0.22818056052620164,
                        0.152260071332069,
                        0.11992225461230585,
                        0.08307556463824264,
                        0.06180409018302904
                    ],
                    [
                        0.3614967234470709,
                        0.2311105248527052,
                        0.15094872139950258,
                        0.11669750028153951,
                        0.08030733726647972,
                        0.0594391927527021
                    ],
                    [
                        0.3721513304642063,
                        0.2355955821494474,
                        0.1487958369382157,
                        0.1119413123520698,
                        0.07606463673337371,
                        0.05545130136268709
                    ],
                    [
                        0.37955055577381114,
                        0.23846637933520148,
                        0.14717272652034624,
                        0.10875760870940838,
                        0.07327481868658146,
                        0.05277791097465115
                    ],
                    [
                        0.3923359448309675,
                        0.24320457456174246,
                        0.14442676793279294,
                        0.10341007820336327,
                        0.06848462082514199,
                        0.04813801364599171
                    ],
                    [
                        0.4017009710009121,
                        0.24694474780329356,
                        0.14263602784284632,
                        0.09958757945008526,
                        0.06461273676642176,
                        0.044517937136441
                    ]
                ],
                "motion_vectors_variance": [
                    0.8531566888872205,
                    0.853818948849826,
                    0.8527166024807787,
                    0.8527872035080397,
                    0.8520515093531587,
                    0.8538897436548349
                ],
                "motion_vectors_priors": [
                    0.48656716417910445,
                    0.21940298507462686,
                    0.16119402985074627,
                    0.07164179104477612,
                    0.03731343283582089,
                    0.023880597014925373
                ],
                "init_position_prior": 0.10344827586206896
            }
        ],
        [
            {
                "centroid": [
                    360.0,
                    48.0
                ],
                "x_limits": [
                    288,
                    432
                ],
                "y_limits": [
                    0,
                    96
                ],
                "motion_vectors": [
                    [
                        0.0,
                        0.0
                    ],
                    [
                        0.0,
                        0.0
                    ],
                    [
                        0.0,
                        0.0
                    ],
                    [
                        0.0,
                        0.0
                    ],
                    [
                        0.0,
                        0.0
                    ],
                    [
                        0.0,
                        0.0
                    ]
                ],
                "transition_matrix": [
                    [
                        0.355131433719293,
                        0.2159283147800334,
                        0.15581779479582317,
                        0.12294527579282358,
                        0.08995506557129641,
                        0.06022211534073044
                    ],
                    [
                        0.3483168047008463,
                        0.21748809644490094,
                        0.15968325946722955,
                        0.12691783097932768,
                        0.08951128188110202,
                        0.05808272652659342
                    ],
                    [
                        0.34641136581764387,
                        0.21875674653055907,
                        0.1609792402984793,
                        0.1284722758946866,
                        0.08900892303321632,
                        0.05637144842541505
                    ],
                    [
                        0.3467827950679038,
                        0.21918909623252925,
                        0.16169652952988445,
                        0.12914528491409638,
                        0.088297719693671,
                        0.054888574561915204
                    ],
                    [
                        0.3481627549357359,
                        0.22025617803725264,
                        0.16321879165226608,
                        0.13085794187315092,
                        0.08566982069303843,
                        0.05183451280855606
                    ],
                    [
                        0.365864917810629,
                        0.22537905341408104,
                        0.1637929349216118,
                        0.12814985341394017,
                        0.07292912483661225,
                        0.043884115603125676
                    ]
                ],
                "motion_vectors_variance": [
                    1.3479496728840357,
                    1.3478510213635981,
                    1.3478227915106913,
                    1.3477388937941863,
                    1.347502801157149,
                    1.3471697960407956
                ],
                "motion_vectors_priors": [
                    0.28489208633093527,
                    0.25323741007194245,
                    0.2,
                    0.1971223021582734,
                    0.03741007194244604,
                    0.027338129496402876
                ],
                "init_position_prior": 0.06896551724137931
            },
            {
                "centroid": [
                    360.0,
                    144.0
                ],
                "x_limits": [
                    288,
                    432
                ],
                "y_limits": [
                    96,
                    192
                ],
                "motion_vectors": [
                    [
