{
    "width": 720.0,
    "height": 480.0,
    "nr_nodes": 25,
    "side": 5,
    "x_interval": 144.0,
    "y_interval": 96.0,
    "nr_fields": 4,
    "grid_matrix": [
        [
            {
                "centroid": [
                    72.0,
                    48.0
                ],
                "x_limits": [
                    0,
                    144
                ],
                "y_limits": [
                    0,
                    96
                ],
                "motion_vectors": [
                    [
                        -0.6994797992438339,
                        -0.18841944056437687
                    ],
                    [
                        -0.6256428969666021,
                        -0.20669678786089318
                    ],
                    [
                        -0.6563032252932393,
                        -0.19666846030980334
                    ],
                    [
                        -0.6137599507502709,
                        -0.1953007207394157
                    ]
                ],
                "transition_matrix": [
                    [
                        0.4878969469506306,
                        0.2650596939139561,
                        0.15987450642943601,
                        0.08716885270597725
                    ],
                    [
                        0.48789444517677294,
                        0.2650669661841553,
                        0.15987532920336048,
                        0.08716325943571125
                    ],
                    [
                        0.487898123322122,
                        0.2650664347634165,
                        0.15987502613530938,
                        0.08716041577915207
                    ],
                    [
                        0.48790021734057104,
                        0.26506681498983525,
                        0.15987349395037884,
                        0.08715947371921468
                    ]
                ],
                "motion_vectors_variance": [
                    0.5884044013481878,
                    0.5613090738235399,
                    0.5558745458895048,
                    0.5498243409951219
                ],
                "motion_vectors_priors": [
                    0.34236804564907275,
                    0.2767475035663338,
                    0.19543509272467904,
                    0.18544935805991442
                ],
                "init_position_prior": 0.10344827586206896
            },
            {
                "centroid": [
                    72.0,
                    144.0
                ],
                "x_limits": [
                    0,
                    144
                ],
                "y_limits": [
                    96,
                    192
                ],
                "motion_vectors": [
                    [
                        0.3422823446805367,
                        0.3812753700437194
                    ],
                    [
                        -0.0196815668677002,
                        0.2268802043140173
                    ],
                    [
                        -1.3488700801964257,
                        0.15290416825414255
                    ],
                    [
                        0.20551934479402753,
                        0.08026293613410573
                    ]
                ],
                "transition_matrix": [
                    [
                        0.48799169946724497,
                        0.26505289116106384,
                        0.1598060189263817,
                        0.0871493904453095
                    ],
                    [
                        0.48799037259480244,
                        0.2650600984096155,
                        0.159806008782752,
                        0.08714352021283
                    ],
                    [
                        0.4879943655823196,
                        0.2650595479734259,
                        0.15980548391964858,
                        0.08714060252460581
                    ],
                    [
                        0.4879965850797444,
                        0.2650599202035274,
                        0.1598038615424395,
                        0.08713963317428867
                    ]
                ],
                "motion_vectors_variance": [
                    1.037793617541239,
                    1.7463826824937831,
                    0.9596737825798807,
                    3.4271327094230766
                ],
                "motion_vectors_priors": [
                    0.3516295025728988,
                    0.2658662092624357,
                    0.20240137221269297,
                    0.18010291595197256
                ],
                "init_position_prior": 0.10344827586206896
            },
            {
                "centroid": [
                    72.0,
                    240.0
                ],
                "x_limits": [
                    0,
                    144
                ],
                "y_limits": [
                    192,
                    288
                ],
                "motion_vectors": [
                    [
                        0.025274997100269737,
                        -0.21848165901533734
                    ],
                    [
                        0.34755281440206104,
                        1.482669737588259
                    ],
                    [
                        0.10178321091426638,
                        -0.1278452225875718
                    ],
                    [
                        -0.08067573243979409,
                        -0.1191400641867127
                    ]
                ],
                "transition_matrix": [
                    [
                        0.4880307307009068,
                        0.26505011124456396,
                        0.1597777916181529,
                        0.08714136643637646
                    ],
                    [
                        0.48803042300940463,
                        0.2650572532880841,
                        0.15977705245250468,
                        0.0871352712500065
                    ],
                    [
                        0.48803468915851056,
                        0.2650566849458001,
                        0.15977633267368174,
                        0.08713229322200758
                    ],
                    [
                        0.48803702507822744,
                        0.265057049328453,
                        0.15977462645407609,
                        0.08713129913924361
                    ]
                ],
                "motion_vectors_variance": [
                    3.9151902433039707,
                    1.6914259082309335,
                    2.3711526804714165,
                    6.876742014918048
                ],
                "motion_vectors_priors": [
                    0.5411392405063291,
                    0.2579113924050633,
                    0.12658227848101267,
                    0.07436708860759493
                ],
                "init_position_prior": 0.0
            },
            {
                "centroid": [
                    72.0,
                    336.0
                ],
                "x_limits": [
                    0,
                    144
                ],
                "y_limits": [
                    288,
                    384
                ],
                "motion_vectors": [
                    [
                        -0.029717026839163566,
                        1.1058573444763014
                    ],
                    [
                        0.4006687690495262,
                        -0.028296021140450323
                    ],
                    [
                        -0.34522913592778864,
                        0.5579629018017092
                    ],
                    [
                        -0.3123761187567837,
                        0.40881366242845446
                    ]
                ],
                "transition_matrix": [
                    [
                        0.4879898024590818,
                        0.2650531341982527,
                        0.15980735951585165,
                        0.08714970382681385
                    ],
                    [
                        0.4879898829018616,
                        0.26506024691572366,
                        0.15980633287859985,
                        0.08714353730381469
                    ],
                    [
                        0.4879942535255762,
                        0.2650596685229442,
                        0.1598055358277991,
                        0.08714054212368032
                    ],
                    [
                        0.48799663642902713,
                        0.2650600287846831,
                        0.15980379532620106,
                        0.08713953946008851
                    ]
                ],
                "motion_vectors_variance": [
                    5.190280499215468,
                    2.544915586317292,
                    3.371151308495965,
                    2.818479108284288
                ],
                "motion_vectors_priors": [
                    0.6839186691312384,
                    0.19593345656192238,
                    0.08317929759704251,
                    0.036968576709796676
                ],
                "init_position_prior": 0.06896551724137931
            },
            {
                "centroid": [
                    72.0,
                    432.0
                ],
                "x_limits": [
                    0,
                    144
                ],
                "y_limits": [
                    384,
                    480
                ],
                "motion_vectors": [
                    [
                        -0.3661230865387326,
                        0.39422395294072204
                    ],
                    [
                        -0.0940828441557312,
                        -0.20388919359365712
                    ],
                    [
                        0.626212157015222,
                        -0.20523687140326785
                    ],
                    [
                        0.031055435330440025,
                        -0.0761125226132095
                    ]
                ],
                "transition_matrix": [
                    [
                        0.4878931860794977,
                        0.26506019362232225,
                        0.15987716009052047,
                        0.08716946020765946
                    ],
                    [
                        0.4878934896764769,
                        0.2650672770480454,
                        0.159875956189327,
                        0.08716327708615083
                    ],
                    [
                        0.4878979203352668,
                        0.2650666898905089,
                        0.15987511062859389,
                        0.08716027914563035
                    ],
                    [
                        0.4879003372742241,
                        0.2650670464514197,
                        0.15987334497677216,
                        0.08715927129758401
                    ]
                ],
                "motion_vectors_variance": [
                    1.2009822644480348,
                    1.9967054511234477,
                    0.9494189218488517,
                    2.9802600535735606
                ],
                "motion_vectors_priors": [
                    0.4819121447028424,
                    0.23772609819121446,
                    0.16149870801033592,
                    0.11886304909560723
                ],
                "init_position_prior": 0.0
            }
        ],
        [
            {
                "centroid": [
                    216.0,
                    48.0
                ],
                "x_limits": [
                    144,
                    288
                ],
                "y_limits": [
                    0,
                    96
                ],
                "motion_vectors": [
                    [
                        0.2766705643849937,
                        0.5678611200455763
                    ],
                    [
                        -2.6565428595154637,
                        0.3192444573518989
                    ],
                    [
                        -1.759854666884757,
                        0.18366023205052914
                    ],
                    [
                        0.02684711069905582,
                        0.061706554498381264
                    ]
                ],
                "transition_matrix": [
                    [
                        0.4865223020429908,
                        0.26515922090370353,
                        0.16086786421641336,
                        0.0874506128368924
                    ],
                    [
                        0.48651301699611343,
                        0.2651667674334772,
                        0.16087335307185457,
                        0.08744686249855466
                    ],
                    [
                        0.48651488068279813,
                        0.265166303707178,
                        0.16087428475969076,
                        0.08744453085033313
                    ],
                    [
                        0.4865163001987605,
                        0.26516671436581646,
                        0.16087323155841787,
                        0.0874437538770052
                    ]
                ],
                "motion_vectors_variance": [
                    6.769700580838505,
                    1.3439761574876297,
                    0.5546744394551802,
                    2.361924913740109
                ],
                "motion_vectors_priors": [
                    0.5197044334975369,
                    0.16625615763546797,
                    0.15763546798029557,
                    0.1564039408866995
                ],
                "init_position_prior": 0.10344827586206896
            },
            {
                "centroid": [
                    216.0,
                    144.0
                ],
                "x_limits": [
                    144,
                    288
                ],
                "y_limits": [
                    96,
                    192
                ],
                "motion_vectors": [
                    [
                        0.14501557708023113,
                        -0.38810898745532924
                    ],
                    [
                        0.6707520982788275,
                        -0.003895402598281722
                    ],
                    [
                        0.13052246315022453,
                        -0.015921917755758505
                    ],
                    [
                        0.16942753237691838,
                        -0.037100707173455955
                    ]
                ],
                "transition_matrix": [
                    [
                        0.48658196279659266,
                        0.26515508798562737,
                        0.16082484610221337,
                        0.08743810311556666
                    ],
                    [
                        0.48657426351650024,
                        0.26516253574258297,
                        0.16082919954932134,
                        0.08743400119159539
                    ],
                    [
                        0.48657655177926434,
                        0.2651620434384982,
                        0.16082982843396634,
                        0.08743157634827113
                    ],
                    [
                        0.48657814165919,
                        0.2651624424003523,
                        0.16082865242379404,
                        0.08743076351666379
                    ]
                ],
                "motion_vectors_variance": [
                    3.7730623031786883,
                    1.2101522041740878,
                    1.5292188778009221,
                    1.207346057272834
                ],
                "motion_vectors_priors": [
                    0.4306049822064057,
                    0.4128113879003559,
                    0.09252669039145907,
                    0.06405693950177936
                ],
                "init_position_prior": 0.0
            },
            {
                "centroid": [
                    216.0,
                    240.0
                ],
                "x_limits": [
                    144,
                    288
                ],
                "y_limits": [
                    192,
                    288
                ],
                "motion_vectors": [
                    [
                        -0.08785659973597043,
                        0.035289175026238226
                    ],
                    [
                        -0.5020446998865193,
                        1.0041422148927601
                    ],
                    [
                        -0.6363234772300068,
                        -0.26403473800807775
                    ],
                    [
                        -0.4047104094714714,
                        0.08783029911479283
                    ]
                ],
                "transition_matrix": [
                    [
                        0.4866067367615736,
                        0.2651534100939567,
                        0.16080697534890462,
                        0.08743287779556516
                    ],
                    [
                        0.4865999169220388,
                        0.2651608004316439,
                        0.1608106981343523,
                        0.08742858451196495
                    ],
                    [
                        0.48660244047833534,
                        0.2651602922885267,
                        0.16081115863961654,
                        0.08742610859352143
                    ],
                    [
                        0.4866041287894977,
                        0.2651606845099096,
                        0.160809911689584,
                        0.08742527501100866
                    ]
                ],
                "motion_vectors_variance": [
                    36.15348142523085,
                    0.42410741490145076,
                    0.8329638016733635,
                    0.8803894612551012
                ],
                "motion_vectors_priors": [
                    0.5494095711622126,
                    0.21068986948415164,
                    0.18520820385332504,
                    0.05469235550031075
                ],
                "init_position_prior": 0.034482758620689655
            },
            {
                "centroid": [
                    216.0,
                    336.0
                ],
                "x_limits": [
                    144,
                    288
                ],
                "y_limits": [
                    288,
                    384
                ],
                "motion_vectors": [
                    [
                        0.08007731352121168,
                        -0.15759756342329823
                    ],
                    [
                        0.07260330620101135,
                        -0.3622732084624596
                    ],
                    [
                        0.45809668101484036,
                        -0.34830737141719886
                    ],
                    [
                        0.1432617732589201,
                        -0.08720340979605531
                    ]
                ],
                "transition_matrix": [
                    [
                        0.48657979489050496,
                        0.26515537643551534,
                        0.16082637607253508,
                        0.08743845260144463
                    ],
                    [
                        0.4865737139281692,
                        0.2651627123660159,
                        0.1608295604795136,
                        0.0874340132263012
                    ],
                    [
                        0.4865764353645796,
                        0.26516218840886185,
                        0.16082987681493513,
                        0.08743149941162331
                    ],
                    [
                        0.48657820827484194,
                        0.26516257409391525,
                        0.16082856853546004,
                        0.08743064909578273
                    ]
                ],
                "motion_vectors_variance": [
                    3.9012910169504824,
                    2.4028935889416863,
                    1.1833287477471353,
                    1.25411695794912
                ],
                "motion_vectors_priors": [
                    0.42535971223021585,
                    0.3318345323741007,
                    0.15017985611510792,
                    0.09262589928057553
                ],
                "init_position_prior": 0.0
            },
            {
                "centroid": [
                    216.0,
                    432.0
                ],
                "x_limits": [
                    144,
                    288
                ],
                "y_limits": [
                    384,
                    480
                ],
                "motion_vectors": [
                    [
                        0.015889826814883184,
                        0.5470780103358572
                    ],
                    [
                        0.4657875741511269,
                        0.16711336108650815
                    ],
                    [
                        -0.14406998272658134,
                        0.08526590211564161
                    ],
                    [
                        -0.08172665378853672,
                        0.048903685611936386
                    ]
                ],
                "transition_matrix": [
                    [
                        0.4865172230048527,
                        0.2651598682932479,
                        0.16087145600125813,
                        0.08745145270064132
                    ],
                    [
                        0.4865117107768724,
                        0.2651671549543048,
                        0.16087421932770635,
                        0.08744691494111646
                    ],
                    [
                        0.4865145845664395,
                        0.2651666172361759,
                        0.1608744222988101,
                        0.0874443758985746
                    ],
                    [
                        0.48651642841577675,
                        0.26516699704545005,
                        0.16087306242283986,
                        0.08744351211593332
                    ]
                ],
                "motion_vectors_variance": [
                    1.386223525077576,
                    1.1249887573529553,
                    0.774873916496503,
                    1.772685744183849
                ],
                "motion_vectors_priors": [
                    0.7119402985074627,
                    0.2253731343283582,
                    0.03880597014925373,
                    0.023880597014925373
                ],
                "init_position_prior": 0.10344827586206896
            }
        ],
        [
            {
                "centroid": [
                    360.0,
                    48.0
                ],
                "x_limits": [
                    288,
                    432
                ],
                "y_limits": [
                    0,
                    96
                ],
                "motion_vectors": [
                    [
                        -0.21363300687097747,
                        -0.17879788444080302
                    ],
                    [
                        -0.4616085404371966,
                        -0.35068426228200433
                    ],
                    [
                        0.4155144370584219,
                        0.2822917253423534
                    ],
                    [
                        0.11491408236627312,
                        -0.009018846363515472
                    ]
                ],
                "transition_matrix": [
                    [
                        0.4840804117849702,
                        0.26533406208346894,
                        0.16263044953295766,
                        0.08795507659860326
                    ],
                    [
                        0.48406029192703126,
                        0.26534200179492795,
                        0.16264334452800777,
                        0.087954361750033
                    ],
                    [
                        0.48405925798453414,
                        0.26534163389999266,
                        0.16264623301242595,
                        0.08795287510304726
                    ],
                    [
                        0.48405961388992136,
                        0.2653420884641164,
                        0.16264593290038395,
                        0.0879523647455783
                    ]
                ],
                "motion_vectors_variance": [
                    4.374107998560144,
                    1.335364965927322,
                    1.4094680725136737,
                    1.9418531055132806
                ],
                "motion_vectors_priors": [
                    0.48201438848920863,
                    0.25323741007194245,
                    0.2,
                    0.06474820143884892
                ],
                "init_position_prior": 0.06896551724137931
            },
            {
                "centroid": [
                    360.0,
                    144.0
                ],
                "x_limits": [
                    288,
                    432
                ],
                "y_limits": [
                    96,
                    192
                ],
                "motion_vectors": [
                    [
                        -0.36004161426764936,
                        -0.2077165453748329
                    ],
                    [
                        0.4449213957953235,
                        0.7620140627299264
                    ],
                    [
                        0.8327170402273589,
                        0.2783706711489186
                    ],
                    [
                        1.2852121571949715,
                        -0.13619296510637674
                    ]
                ],
                "transition_matrix": [
                    [
                        0.48407861048549256,
                        0.2653344150775208,
                        0.16263187129370554,
                        0.08795510314328107
                    ],
                    [
                        0.4840600260169176,
                        0.26534224780969357,
                        0.16264365763207303,
                        0.08795406854131581
                    ],
                    [
                        0.48405940185075375,
                        0.2653418502104478,
                        0.1626462504904129,
                        0.08795249744838553
                    ],
                    [
                        0.4840599244040578,
                        0.2653422927544533,
                        0.1626458300134774,
                        0.08795195282801159
                    ]
                ],
                "motion_vectors_variance": [
                    13.837748939644255,
                    1.4620821102389108,
                    1.4646991969025505,
                    1.4714283887337178
                ],
                "motion_vectors_priors": [
                    0.4795613160518445,
                    0.3040877367896311,
                    0.19740777666999004,
                    0.018943170488534396
                ],
                "init_position_prior": 0.0
            },
            {
                "centroid": [
                    360.0,
                    240.0
                ],
                "x_limits": [
                    288,
                    432
                ],
                "y_limits": [
                    192,
                    288
                ],
                "motion_vectors": [
                    [
                        0.014407631198790849,
                        0.15067121156124313
                    ],
                    [
                        0.01908058817890823,
                        0.1522488004581915
                    ],
                    [
                        0.014516027645875451,
                        0.1327589329317303
                    ],
                    [
                        -0.1087870470178067,
                        0.027225261375959493
                    ]
                ],
                "transition_matrix": [
                    [
                        0.4840776443502195,
                        0.26533462345338354,
                        0.1626326169694045,
                        0.08795511522699245
                    ],
                    [
                        0.48405988876661493,
                        0.26534239821603867,
                        0.16264380499609224,
                        0.08795390802125422
                    ],
                    [
                        0.4840594858950313,
                        0.2653419847421625,
                        0.16264623818331664,
                        0.08795229117948954
                    ],
                    [
                        0.48406010036329516,
                        0.2653424207255233,
                        0.1626457513515931,
                        0.08795172755958854
                    ]
                ],
                "motion_vectors_variance": [
                    0.5213166936121609,
                    0.5829430089445065,
                    0.5735550021933172,
                    0.4820640394540809
                ],
                "motion_vectors_priors": [
                    0.5990453460620525,
                    0.20843277645186953,
                    0.17899761336515513,
                    0.013524264120922832
                ],
                "init_position_prior": 0.06896551724137931
            },
            {
                "centroid": [
                    360.0,
                    336.0
                ],
                "x_limits": [
                    288,
                    432
                ],
                "y_limits": [
                    288,
                    384
                ],
                "motion_vectors": [
                    [
                        -0.02439933849798543,
                        -3.1848826995851143
                    ],
                    [
                        0.04758057933272791,
                        -3.2220511174825863
                    ],
                    [
                        0.8554472874559469,
                        -0.4205031570416164
                    ],
                    [
                        0.27968720555815246,
                        -0.0645713142407253
                    ]
                ],
                "transition_matrix": [
                    [
                        0.4840762842468909,
                        0.2653347243823502,
                        0.16263351245818466,
                        0.08795547891257417
                    ],
                    [
                        0.4840594387561714,
                        0.26534243539464714,
                        0.16264404288968515,
                        0.08795408295949624
                    ],
                    [
                        0.48405927904935964,
                        0.265342004228834,
                        0.16264630052805631,
                        0.08795241619375001
                    ],
                    [
                        0.48405999321527615,
                        0.26534243299726995,
                        0.16264574164721607,
                        0.08795183214023793
                    ]
                ],
                "motion_vectors_variance": [
                    2.1229545735356714,
                    1.416404048400322,
                    3.006055909419136,
                    2.5160576899106224
                ],
                "motion_vectors_priors": [
                    0.5899632802937577,
                    0.23133414932680538,
                    0.1383108935128519,
                    0.04039167686658507
                ],
                "init_position_prior": 0.0
            },
            {
                "centroid": [
                    360.0,
                    432.0
                ],
                "x_limits": [
                    288,
                    432
                ],
                "y_limits": [
                    384,
                    480
                ],
                "motion_vectors": [
                    [
                        0.30035030738787605,
                        -0.021244761116317984
                    ],
                    [
                        0.16520409514440804,
                        -0.3164876482690966
                    ],
                    [
                        1.8572395886512303,
                        1.2845915146529525
                    ],
                    [
                        -0.5427797813683718,
                        0.020431458745910864
                    ]
                ],
                "transition_matrix": [
                    [
                        0.48407461056808354,
                        0.2653347820006923,
                        0.1626345555600459,
                        0.08795605187117826
                    ],
                    [
                        0.4840587896869137,
                        0.2653424206117801,
                        0.16264434617781462,
                        0.0879544435234917
                    ],
                    [
                        0.48405890387261097,
                        0.2653419697866674,
                        0.1626464060784901,
                        0.08795272026223143
                    ],
                    [
                        0.48405973410343367,
                        0.26534239025679673,
                        0.16264576338894737,
                        0.08795211225082221
                    ]
                ],
                "motion_vectors_variance": [
                    4.119834551665035,
                    2.0360375380276547,
                    0.4517074491861948,
                    2.202975025434652
                ],
                "motion_vectors_priors": [
                    0.5021097046413502,
                    0.4092827004219409,
                    0.04430379746835443,
                    0.04430379746835443
                ],
                "init_position_prior": 0.0
            }
        ],
        [
            {
                "centroid": [
                    504.0,
                    48.0
                ],
                "x_limits": [
                    432,
                    576
                ],
                "y_limits": [
                    0,
                    96
                ],
                "motion_vectors": [
                    [
                        -1.2815282028701913,
                        -0.013547034622344245
                    ],
                    [
                        -3.074842704006498,
                        -0.21837621805160246
                    ],
                    [
                        -2.552732631587387,
                        -0.3478485479909432
                    ],
                    [
                        -1.101540558459863,
                        -0.3731238648430475
                    ]
                ],
                "transition_matrix": [
                    [
                        0.48163358974708814,
                        0.2655067998454489,
                        0.1643941279196578,
                        0.08846548248780514
                    ],
                    [
                        0.4816025231505269,
                        0.2655151346951981,
                        0.16441450185718876,
                        0.08846784029708621
                    ],
                    [
                        0.48159856587594174,
                        0.2655148624869577,
                        0.16441936390413292,
                        0.08846720773296755
                    ],
                    [
                        0.4815978445126528,
                        0.2655153611031887,
                        0.16441982594059557,
                        0.08846696844356287
                    ]
                ],
                "motion_vectors_variance": [
                    23.71086842592366,
                    3.226261977311782,
                    2.7244022866707676,
                    1.7609504564687026
                ],
                "motion_vectors_priors": [
                    0.4246031746031746,
                    0.23412698412698413,
                    0.20634920634920634,
                    0.1349206349206349
                ],
                "init_position_prior": 0.034482758620689655
            },
            {
                "centroid": [
                    504.0,
                    144.0
                ],
                "x_limits": [
                    432,
                    576
                ],
                "y_limits": [
                    96,
                    192
                ],
                "motion_vectors": [
                    [
                        -0.24208494268932823,
                        0.12133226631112866
                    ],
                    [
                        -1.9551454981753777,
                        0.1997541580589609
                    ],
                    [
                        -1.0561197170091996,
                        -0.48876489938534107
                    ],
                    [
                        -0.7020912704346326,
                        -0.6143980872711288
                    ]
                ],
                "transition_matrix": [
                    [
                        0.48157063182072085,
                        0.2655113874916773,
                        0.16443955380733097,
                        0.08847842688027086
                    ],
                    [
                        0.4815405111158495,
                        0.26551964648585813,
                        0.1644592341390338,
                        0.0884806082592586
                    ],
                    [
                        0.481536805608057,
                        0.26551935328066356,
                        0.16446391108551087,
                        0.08847993002576852
                    ],
                    [
                        0.48153618734196685,
                        0.26551984367371545,
                        0.1644642982824502,
                        0.08847967070186745
                    ]
                ],
                "motion_vectors_variance": [
                    13.329353808112513,
                    8.78601940275532,
                    11.309643056889865,
