{
    "width": 720.0,
    "height": 480.0,
    "nr_nodes": 25,
    "side": 5,
    "x_interval": 144.0,
    "y_interval": 96.0,
    "nr_fields": 6,
    "grid_matrix": [
        [
            {
                "centroid": [
                    72.0,
                    48.0
                ],
                "x_limits": [
                    0,
                    144
                ],
                "y_limits": [
                    0,
                    96
                ],
                "motion_vectors": [
                    [
                        -0.5866803423736933,
                        -0.244137061964947
                    ],
                    [
                        -0.6923000022452925,
                        -0.25394685365873193
                    ],
                    [
                        -0.5466527037148917,
                        -0.1820630338406184
                    ],
                    [
                        -0.5752248574176663,
                        -0.19995998469061985
                    ],
                    [
                        -0.6489262656662215,
                        -0.21521379532017748
                    ],
                    [
                        -0.5465021936794815,
                        -0.2298932653818621
                    ]
                ],
                "transition_matrix": [
                    [
                        0.3789235223144824,
                        0.22982496058847773,
                        0.1566818052184544,
                        0.11528772897691245,
                        0.07454202990754831,
                        0.044739952994124796
                    ],
                    [
                        0.3789186717668561,
                        0.22983143382574805,
                        0.15668604703393385,
                        0.11529007673525629,
                        0.07453860166238133,
                        0.04473516897582434
                    ],
                    [
                        0.378921138977518,
                        0.22983146261382167,
                        0.1566873468130145,
                        0.11528971229600066,
                        0.07453712994589902,
                        0.044733209353746084
                    ],
                    [
                        0.3789225535552588,
                        0.22983212536789227,
                        0.1566869994648603,
                        0.11528914244556632,
                        0.07453649673660687,
                        0.04473268242981549
                    ],
                    [
                        0.3789269608599717,
                        0.22983279202125179,
                        0.1566859947653112,
                        0.11528711795533902,
                        0.07453525437112321,
                        0.04473188002700324
                    ],
                    [
                        0.3789288062490583,
                        0.22983325123011655,
                        0.15668575286897046,
                        0.11528637928461814,
                        0.07453448179931027,
                        0.04473132856792626
                    ]
                ],
                "motion_vectors_variance": [
                    0.5443254948772158,
                    0.560119585590056,
                    0.5434919862007667,
                    0.578083756997017,
                    0.5593219655968636,
                    0.5419928084254162
                ],
                "motion_vectors_priors": [
                    0.30527817403708984,
                    0.2211126961483595,
                    0.14978601997146934,
                    0.1355206847360913,
                    0.10271041369472182,
                    0.08559201141226819
                ],
                "init_position_prior": 0.10344827586206896
            },
            {
                "centroid": [
                    72.0,
                    144.0
                ],
                "x_limits": [
                    0,
                    144
                ],
                "y_limits": [
                    96,
                    192
                ],
                "motion_vectors": [
                    [
                        1.0518015504349738,
                        0.15038274622767583
                    ],
                    [
                        0.10371557297323102,
                        -0.049305813433880935
                    ],
                    [
                        0.8880317778656815,
                        0.08994390843498094
                    ],
                    [
                        -0.24341256114680582,
                        -0.06192553282511486
                    ],
                    [
                        -0.05182070355472728,
                        0.030118903126135438
                    ],
                    [
                        -0.295463181945048,
                        -0.05556202280609841
                    ]
                ],
                "transition_matrix": [
                    [
                        0.3790461337887037,
                        0.22983103287133363,
                        0.15664500939140494,
                        0.11523663748021871,
                        0.0745120015412358,
                        0.04472918492710301
                    ],
                    [
                        0.379042903551162,
                        0.2298376065609673,
                        0.15664877978949265,
                        0.11523830760145642,
                        0.07450816591622375,
                        0.04472423658069795
                    ],
                    [
                        0.379045880073008,
                        0.2298376642280721,
                        0.1566499293726745,
                        0.11523772957944002,
                        0.07450656867888283,
                        0.044722228067922594
                    ],
                    [
                        0.3790474974691458,
                        0.2298383380119136,
                        0.15664952191680093,
                        0.11523707474827227,
                        0.07450588574344533,
                        0.04472168211042216
                    ],
                    [
                        0.37905204866459447,
                        0.22983901225706518,
                        0.15664847458163866,
                        0.11523499004034128,
                        0.07450460842895577,
                        0.04472086602740464
                    ],
                    [
                        0.37905396089621096,
                        0.22983947545004246,
                        0.15664821316354857,
                        0.11523422347101328,
                        0.07450381916420828,
                        0.044720307854976514
                    ]
                ],
                "motion_vectors_variance": [
                    1.667994983465884,
                    2.192570332723505,
                    1.8003229169725818,
                    1.4959694974917486,
                    1.0132522633351564,
                    1.1966974452256407
                ],
                "motion_vectors_priors": [
                    0.22469982847341338,
                    0.18524871355060035,
                    0.1835334476843911,
                    0.1732418524871355,
                    0.12521440823327615,
                    0.10806174957118353
                ],
                "init_position_prior": 0.10344827586206896
            },
            {
                "centroid": [
                    72.0,
                    240.0
                ],
                "x_limits": [
                    0,
                    144
                ],
                "y_limits": [
                    192,
                    288
                ],
                "motion_vectors": [
                    [
                        1.7170994011062737,
                        1.9134331030715082
                    ],
                    [
                        -0.11661982749954411,
                        -0.2309880624826739
                    ],
                    [
                        0.6890528781043859,
                        0.5655995009440565
                    ],
                    [
                        0.5737291080201932,
                        -0.07595031146587686
                    ],
                    [
                        -0.2750229509385332,
                        0.028609846950151452
                    ],
                    [
                        0.007006140735262881,
                        -0.1435002534057062
                    ]
                ],
                "transition_matrix": [
                    [
                        0.379096472433445,
                        0.22983352930181322,
                        0.15662989510287276,
                        0.11521564865629882,
                        0.07449968338777781,
                        0.04472477111779254
                    ],
                    [
                        0.379094644708586,
                        0.2298401805814574,
                        0.1566332513032013,
                        0.11521673363114661,
                        0.07449549968480683,
                        0.04471969009080196
                    ],
                    [
                        0.379098067827053,
                        0.22984026211424555,
                        0.156634268181036,
                        0.115215969052714,
                        0.07449379248100287,
                        0.044717640343948664
                    ],
                    [
                        0.37909986674128726,
                        0.22984094537310162,
                        0.15663380671178442,
                        0.11521523845414153,
                        0.07449306493758241,
                        0.04471707778210287
                    ],
                    [
                        0.37910454999044696,
                        0.22984162641979947,
                        0.1566327200861523,
                        0.11521309866550225,
                        0.07449175529681883,
                        0.0447162495412803
                    ],
                    [
                        0.37910652336526673,
                        0.22984209295653424,
                        0.15663244059671375,
                        0.11521230662245714,
                        0.07449095087220285,
                        0.0447156855868254
                    ]
                ],
                "motion_vectors_variance": [
                    2.1972151360920726,
                    2.6407565866645797,
                    1.67682959032043,
                    1.6832015188976857,
                    1.6947889115047061,
                    1.840368354949363
                ],
                "motion_vectors_priors": [
                    0.3924050632911392,
                    0.2199367088607595,
                    0.11234177215189874,
                    0.1060126582278481,
                    0.10126582278481013,
                    0.0680379746835443
                ],
                "init_position_prior": 0.0
            },
            {
                "centroid": [
                    72.0,
                    336.0
                ],
                "x_limits": [
                    0,
                    144
                ],
                "y_limits": [
                    288,
                    384
                ],
                "motion_vectors": [
                    [
                        0.06769191491104996,
                        0.9933113707710349
                    ],
                    [
                        -0.09562098626287309,
                        1.1578031079179079
                    ],
                    [
                        0.04986516400959215,
                        -0.0013089638559596328
                    ],
                    [
                        -0.04788050885250227,
                        1.4362248476632686
                    ],
                    [
                        0.5265012645465352,
                        1.7622863404423006
                    ],
                    [
                        0.23680456247611742,
                        1.689001036334408
                    ]
                ],
                "transition_matrix": [
                    [
                        0.37904326459817467,
                        0.229830913342444,
                        0.15664587355159593,
                        0.11523779952445755,
                        0.0745127155368169,
                        0.044729433446510855
                    ],
                    [
                        0.379041978062576,
                        0.22983759219661076,
                        0.15664906590526034,
                        0.11523866072409643,
                        0.07450839705218514,
                        0.04472430605927138
                    ],
                    [
                        0.3790455764124297,
                        0.22983768004596236,
                        0.15665002963927255,
                        0.11523782395542476,
                        0.07450664743476021,
                        0.04472224251215045
                    ],
                    [
                        0.37904744724712447,
                        0.2298383662425967,
                        0.15664954599957043,
                        0.11523706353267518,
                        0.07450590252848205,
                        0.04472167444955106
                    ],
                    [
                        0.37905218199791363,
                        0.22983904942204744,
                        0.15664844352953372,
                        0.1152349023493601,
                        0.07450458033602338,
                        0.04472084236512187
                    ],
                    [
                        0.3790541785710909,
                        0.22983951669774938,
                        0.15664815676317284,
                        0.11523410065407794,
                        0.07450377045427724,
                        0.044720276859631716
                    ]
                ],
                "motion_vectors_variance": [
                    3.4357916712669403,
                    2.6184217969794084,
                    3.7670003893075883,
                    7.155695547788704,
                    2.7006450976947556,
                    2.3901605830003283
                ],
                "motion_vectors_priors": [
                    0.4658040665434381,
                    0.1866913123844732,
                    0.13493530499075784,
                    0.09426987060998152,
                    0.08317929759704251,
                    0.03512014787430684
                ],
                "init_position_prior": 0.06896551724137931
            },
            {
                "centroid": [
                    72.0,
                    432.0
                ],
                "x_limits": [
                    0,
                    144
                ],
                "y_limits": [
                    384,
                    480
                ],
                "motion_vectors": [
                    [
                        5.5991147840507605,
                        0.0700181512797432
                    ],
                    [
                        0.07192971577532711,
                        -0.03776356780473529
                    ],
                    [
                        0.07423511546350725,
                        0.6478268689777017
                    ],
                    [
                        0.07698274410858741,
                        -0.024488168288511112
                    ],
                    [
                        0.4872328682218497,
                        -0.19556280809717083
                    ],
                    [
                        0.08903249080979139,
                        -0.1983218905282152
                    ]
                ],
                "transition_matrix": [
                    [
                        0.37891784432177616,
                        0.22982472930105083,
                        0.1566835174882154,
                        0.11529002385905236,
                        0.07454344289690681,
                        0.04474044213299857
                    ],
                    [
                        0.37891687365884125,
                        0.229831411966377,
                        0.15668660484472405,
                        0.1152907566621736,
                        0.07453905141708209,
                        0.04473530145080198
                    ],
                    [
                        0.3789205791526197,
                        0.2298315008165199,
                        0.156687534385978,
                        0.11528987688927635,
                        0.07453727637881238,
                        0.044733232376793844
                    ],
                    [
                        0.3789224970558842,
                        0.22983218820459217,
                        0.15668703569162998,
                        0.11528909730808046,
                        0.07453652014074459,
                        0.04473266159906863
                    ],
                    [
                        0.37892726688622425,
                        0.22983287249108372,
                        0.15668592206728404,
                        0.11528692175829598,
                        0.07453518917119419,
                        0.044731827625917986
                    ],
                    [
                        0.3789292788233403,
                        0.2298333397562478,
                        0.1566856301012331,
                        0.11528611371606368,
                        0.07453437590175346,
                        0.044731261701361616
                    ]
                ],
                "motion_vectors_variance": [
                    1.0338624321464849,
                    1.247926256398992,
                    0.8194058060380848,
                    1.1017126119421246,
                    1.17625173681702,
                    1.0903050825665017
                ],
                "motion_vectors_priors": [
                    0.4664082687338501,
                    0.22739018087855298,
                    0.16149870801033592,
                    0.06330749354005168,
                    0.05297157622739018,
                    0.028423772609819122
                ],
                "init_position_prior": 0.0
            }
        ],
        [
            {
                "centroid": [
                    216.0,
                    48.0
                ],
                "x_limits": [
                    144,
                    288
                ],
                "y_limits": [
                    0,
                    96
                ],
                "motion_vectors": [
                    [
                        -1.378415522908189,
                        0.39046260757171597
                    ],
                    [
                        0.5504257263985455,
                        0.30738182865760505
                    ],
                    [
                        -1.7751823542680985,
                        0.4863864207514979
                    ],
                    [
                        -0.9790624880216221,
                        0.5471323231953746
                    ],
                    [
                        -0.16902886990253763,
                        0.16116629927944115
                    ],
                    [
                        0.410018068335853,
                        -0.01599161527056002
                    ]
                ],
                "transition_matrix": [
                    [
                        0.3771417987315701,
                        0.22973688150040938,
                        0.157216518594638,
                        0.11602989647086102,
                        0.07497848810802386,
                        0.04489641659449766
                    ],
                    [
                        0.3771276880229117,
                        0.2297426976276467,
                        0.15722337172935133,
                        0.1160361440581108,
                        0.07497741478883217,
                        0.044892683773147146
                    ],
                    [
                        0.3771272864593381,
                        0.2297425231058802,
                        0.15722549910856826,
                        0.1160369966996398,
                        0.07497665947227425,
                        0.04489103515429945
                    ],
                    [
                        0.3771275771947474,
                        0.22974311377081905,
                        0.15722547509822918,
                        0.11603690118872184,
                        0.0749763048870025,
                        0.04489062786048001
                    ],
                    [
                        0.37713118250580757,
                        0.22974373167115156,
                        0.15722470140094025,
                        0.11603521406936344,
                        0.07497525681498779,
                        0.04488991353774938
                    ],
                    [
                        0.377132647296832,
                        0.2297441610243143,
                        0.15722456499352366,
                        0.11603463455014001,
                        0.07497458308213707,
                        0.044889409053052984
                    ]
                ],
                "motion_vectors_variance": [
                    0.8603265656707099,
                    0.8527710923919981,
                    0.5497847601445878,
                    0.4467160364248471,
                    1.3308820517983795,
                    6.482871863944435
                ],
                "motion_vectors_priors": [
                    0.4027093596059113,
                    0.1687192118226601,
                    0.1354679802955665,
                    0.11576354679802955,
                    0.11576354679802955,
                    0.06157635467980296
                ],
                "init_position_prior": 0.10344827586206896
            },
            {
                "centroid": [
                    216.0,
                    144.0
                ],
                "x_limits": [
                    144,
                    288
                ],
                "y_limits": [
                    96,
                    192
                ],
                "motion_vectors": [
                    [
                        0.15266809214470978,
                        -0.14340385745545048
                    ],
                    [
                        -0.11454940924774693,
                        0.01757046296387394
                    ],
                    [
                        0.518739951799443,
                        -0.07393278106465238
                    ],
                    [
                        1.7053504945964422,
                        -0.006247090861578819
                    ],
                    [
                        0.634933221401051,
                        0.05489203666768974
                    ],
                    [
                        0.19082728527723114,
                        0.059112896110254415
                    ]
                ],
                "transition_matrix": [
                    [
                        0.37721875856236114,
                        0.22974077558369121,
                        0.15719357570172937,
                        0.1159978855836113,
                        0.07495950521714981,
                        0.04488949935145719
                    ],
                    [
                        0.3772068495543725,
                        0.22974671758324586,
                        0.1571997800057806,
                        0.11600321478161467,
                        0.07495788273591408,
                        0.044885555339072285
                    ],
                    [
                        0.3772071392361492,
                        0.22974657938076315,
                        0.1572017020326543,
                        0.1160037787252193,
                        0.07495695751944884,
                        0.04488384310576533
                    ],
                    [
                        0.3772077054432195,
                        0.22974718427144492,
                        0.15720159579779547,
                        0.11600356814567314,
                        0.07495653545645428,
                        0.044883410885412686
                    ],
                    [
                        0.37721150342441184,
                        0.22974781195162494,
                        0.15720076461200383,
                        0.11600180058191269,
                        0.07495544040854935,
                        0.044882679021497354
                    ],
                    [
                        0.3772130571296166,
                        0.22974824609999372,
                        0.15720060185141174,
                        0.11600118399336717,
                        0.07495474470704995,
                        0.04488216621856079
                    ]
                ],
                "motion_vectors_variance": [
                    1.2614014792794364,
                    1.654500856103846,
                    1.2298590408475596,
                    1.2101260185255012,
                    1.4768328730038862,
                    1.893718708970916
                ],
                "motion_vectors_priors": [
                    0.39501779359430605,
                    0.2918149466192171,
                    0.15658362989323843,
                    0.09252669039145907,
                    0.03558718861209965,
                    0.028469750889679714
                ],
                "init_position_prior": 0.0
            },
            {
                "centroid": [
                    216.0,
                    240.0
                ],
                "x_limits": [
                    144,
                    288
                ],
                "y_limits": [
                    192,
                    288
                ],
                "motion_vectors": [
                    [
                        -1.0108135155650992,
                        1.692367034895891
                    ],
                    [
                        -0.12370844147856011,
                        0.4486575909618726
                    ],
                    [
                        -2.1399675520602335,
                        0.1650773652165744
                    ],
                    [
                        -0.8036510348521505,
                        0.3970462891241795
                    ],
                    [
                        -0.9027840438321216,
                        0.8877547046195832
                    ],
                    [
                        0.3336099977181221,
                        0.06012026421353191
                    ]
                ],
                "transition_matrix": [
                    [
                        0.37725067146595587,
                        0.2297424022467806,
                        0.15718406774930063,
                        0.11598460264233651,
                        0.07495163205686337,
                        0.04488662383876307
                    ],
                    [
                        0.37723997887563016,
                        0.22974841047089445,
                        0.15718991182226394,
                        0.11598942462956102,
                        0.07494970807117761,
                        0.04488256613047281
                    ],
                    [
                        0.37724065338002266,
                        0.22974829242123596,
                        0.15719171931070489,
                        0.11598982797026877,
                        0.0749486881820363,
                        0.04488081873573144
                    ],
                    [
                        0.3772413749553251,
                        0.2297489053188671,
                        0.15719156675229504,
                        0.11598955257463352,
                        0.07494822795998216,
                        0.044880372438896955
                    ],
                    [
                        0.37724528412886577,
                        0.22974953867236927,
                        0.15719070242520544,
                        0.1159877386475081,
                        0.07494710568022361,
                        0.044879630445827934
                    ],
                    [
                        0.3772468892059952,
                        0.22974997556352986,
                        0.15719052442941184,
                        0.11598710065932451,
                        0.07494639727515402,
                        0.04487911286658465
                    ]
                ],
                "motion_vectors_variance": [
                    0.5623179979031979,
                    2.4138424490986874,
                    0.45447739195766285,
                    0.6893201246304992,
                    0.4811991327054867,
                    0.9360878091298079
                ],
                "motion_vectors_priors": [
                    0.46861404599129897,
                    0.21379738968303294,
                    0.15910503418272218,
                    0.10130515848353014,
                    0.04599129894344313,
                    0.011187072715972654
                ],
                "init_position_prior": 0.034482758620689655
            },
            {
                "centroid": [
                    216.0,
                    336.0
                ],
                "x_limits": [
                    144,
                    288
                ],
                "y_limits": [
                    288,
                    384
                ],
                "motion_vectors": [
                    [
                        1.4846581247116972,
                        1.27251516439661
                    ],
                    [
                        0.19952974783673838,
                        0.5169313781770976
                    ],
                    [
                        -0.571238814811018,
                        0.2904361101200143
                    ],
                    [
                        0.7251710531659119,
                        0.8636024312688918
                    ],
                    [
                        0.008566937227413647,
                        -0.3183042043437316
                    ],
                    [
                        -0.18553050956290426,
                        0.4311410958874978
                    ]
                ],
                "transition_matrix": [
                    [
                        0.37721548162979635,
                        0.22974064472073322,
                        0.15719456556344863,
                        0.11599921100790087,
                        0.0749603181518692,
                        0.04488977892625177
                    ],
                    [
                        0.3772058180085671,
                        0.22974670395804653,
                        0.15720009970923998,
                        0.11600360531092614,
                        0.07495814107138854,
                        0.04488563194183167
                    ],
                    [
                        0.37720681957098817,
                        0.22974660064383098,
                        0.15720180866699718,
                        0.11600387289239909,
                        0.07495704139213707,
                        0.04488385683364744
                    ],
                    [
                        0.37720767375567055,
                        0.22974721972310105,
                        0.15720161596244928,
                        0.11600354234261877,
                        0.07495654883333583,
                        0.04488339938282453
                    ],
                    [
                        0.37721167682211176,
                        0.22974785747691082,
                        0.1572007232343075,
                        0.11600168934601103,
                        0.0749554035741987,
                        0.044882649546460054
                    ],
                    [
                        0.37721332481127473,
                        0.22974829624103302,
                        0.15720053217111976,
                        0.1160010334905702,
                        0.07495468479202694,
                        0.044882128493975375
                    ]
                ],
                "motion_vectors_variance": [
                    3.741577183446837,
                    4.480024779297884,
                    6.203846766943606,
                    1.2388611898079176,
                    1.7699540284334248,
                    1.3499892542095209
                ],
                "motion_vectors_priors": [
                    0.4244604316546763,
                    0.3300359712230216,
                    0.08723021582733813,
                    0.06564748201438848,
                    0.051258992805755396,
                    0.04136690647482014
                ],
                "init_position_prior": 0.0
            },
            {
                "centroid": [
                    216.0,
                    432.0
                ],
                "x_limits": [
                    144,
                    288
                ],
                "y_limits": [
                    384,
                    480
                ],
                "motion_vectors": [
                    [
                        5.955395032802558,
                        1.2262219587225782
                    ],
                    [
                        -0.11640602830529201,
                        0.11800526925801862
                    ],
                    [
                        -1.2873131735316072,
                        0.3977670395671507
                    ],
                    [
                        1.3430315954693957,
                        0.350354949123845
                    ],
                    [
                        0.3228491248851884,
                        0.06989130442795244
                    ],
                    [
                        0.0478755054420731,
                        -0.07383905879046021
                    ]
                ],
                "transition_matrix": [
                    [
                        0.3771341001003235,
                        0.22973656535448297,
                        0.15721884138610395,
                        0.11603301845915537,
                        0.0749803974768293,
                        0.0448970772231049
                    ],
                    [
                        0.3771252279031968,
                        0.2297426562557286,
                        0.15722413162752805,
                        0.11603708506020778,
                        0.07497802933043604,
                        0.04489286982290266
                    ],
                    [
                        0.3771264854861583,
                        0.22974256290365447,
                        0.15722576248480702,
                        0.11603724702270253,
                        0.07497686744187178,
                        0.04489107466080603
                    ],
                    [
                        0.37712744616855776,
                        0.22974318653948209,
                        0.15722553725799135,
                        0.11603687240104418,
                        0.07497634890269468,
                        0.044890608730229924
                    ],
                    [
                        0.3771315267892282,
                        0.22974382774348232,
                        0.157224620887831,
                        0.11603498726663905,
                        0.07497518450464921,
                        0.04488985280817021
                    ],
                    [
                        0.3771332100138164,
                        0.22974426776674126,
                        0.15722441888870442,
                        0.11603431677107016,
                        0.0749744573204191,
                        0.04488932923924864
                    ]
                ],
                "motion_vectors_variance": [
                    0.8229185003025407,
                    6.416219895605572,
                    0.8473891142843617,
                    0.7534065883619994,
                    0.9078380629550883,
                    218.8406329536029
                ],
                "motion_vectors_priors": [
                    0.4701492537313433,
                    0.24029850746268658,
                    0.15671641791044777,
                    0.07164179104477612,
                    0.03731343283582089,
                    0.023880597014925373
                ],
                "init_position_prior": 0.10344827586206896
            }
        ],
        [
            {
                "centroid": [
                    360.0,
                    48.0
                ],
                "x_limits": [
                    288,
                    432
                ],
                "y_limits": [
                    0,
                    96
                ],
                "motion_vectors": [
                    [
                        1.4195759343724499,
                        -0.08578754790676668
                    ],
                    [
                        -1.134832337579512,
                        -0.167501489911039
                    ],
                    [
                        0.9502705537739644,
                        -0.16858187145198067
                    ],
                    [
                        1.1381508550276076,
                        -0.03439164529847604
                    ],
                    [
                        -0.29611618280131746,
                        -0.13249713735070248
                    ],
                    [
                        0.6502497924606602,
                        0.017746048651474375
                    ]
                ],
                "transition_matrix": [
                    [
                        0.373975765469166,
                        0.22957907053126644,
                        0.15816405684945217,
                        0.11734749321490942,
                        0.07575645127476453,
                        0.04517716266044144
                    ],
                    [
                        0.373946891198726,
                        0.2295837967364233,
                        0.15817503349879466,
                        0.11735996137657163,
                        0.075759158094749,
                        0.04517515909473532
                    ],
                    [
                        0.37394192557795075,
                        0.22958328649391116,
                        0.15817846858922735,
                        0.11736275288457858,
