{
    "width": 720.0,
    "height": 480.0,
    "nr_nodes": 16,
    "side": 4,
    "x_interval": 180.0,
    "y_interval": 120.0,
    "nr_fields": 4,
    "grid_matrix": [
        [
            {
                "centroid": [
                    90.0,
                    60.0
                ],
                "x_limits": [
                    0,
                    180
                ],
                "y_limits": [
                    0,
                    120
                ],
                "motion_vectors": [
                    [
                        0.0,
                        0.0
                    ],
                    [
                        0.0,
                        0.0
                    ],
                    [
                        0.0,
                        0.0
                    ],
                    [
                        0.0,
                        0.0
                    ]
                ],
                "transition_matrix": [
                    [
                        0.5119013718657898,
                        0.2844311565211988,
                        0.15274865169360424,
                        0.05091881991940714
                    ],
                    [
                        0.4898161938480181,
                        0.29274745738661534,
                        0.1618403138217556,
                        0.055596034943610796
                    ],
                    [
                        0.45354366280378294,
                        0.3059624526923456,
                        0.1769376617324462,
                        0.06355622277142517
                    ],
                    [
                        0.4262028446085119,
                        0.31793389738659106,
                        0.18749632229671356,
                        0.06836693570818338
                    ]
                ],
                "motion_vectors_variance": [
                    1.101063048101105,
                    1.1007930209400894,
                    1.100696043448012,
                    1.1005982429030352
                ],
                "motion_vectors_priors": [
                    0.3213965980304387,
                    0.2873769024171889,
                    0.23276633840644584,
                    0.1584601611459266
                ],
                "init_position_prior": 0.13793103448275862
            },
            {
                "centroid": [
                    90.0,
                    180.0
                ],
                "x_limits": [
                    0,
                    180
                ],
                "y_limits": [
                    120,
                    240
                ],
                "motion_vectors": [
                    [
                        0.0,
                        0.0
                    ],
                    [
                        0.0,
                        0.0
                    ],
                    [
                        0.0,
                        0.0
                    ],
                    [
                        0.0,
                        0.0
                    ]
                ],
                "transition_matrix": [
                    [
                        0.5124408756215613,
                        0.2840167584562676,
                        0.15253660279024175,
                        0.05100576313192932
                    ],
                    [
                        0.4890890279988686,
                        0.29293772374291643,
                        0.16216038819486878,
                        0.05581286006334609
                    ],
                    [
                        0.45258970898239737,
                        0.30635244721041,
                        0.1773348959297608,
                        0.06372294787743188
                    ],
                    [
                        0.42609930639175325,
                        0.31805067297739414,
                        0.1875008277809367,
                        0.06834919284991584
                    ]
                ],
                "motion_vectors_variance": [
                    1.0313772141058533,
                    1.0313417074466404,
                    1.0313427323169038,
                    1.0314181516279843
                ],
                "motion_vectors_priors": [
                    0.46835443037974683,
                    0.27848101265822783,
                    0.22468354430379747,
                    0.028481012658227847
                ],
                "init_position_prior": 0.13793103448275862
            },
            {
                "centroid": [
                    90.0,
                    300.0
                ],
                "x_limits": [
                    0,
                    180
                ],
                "y_limits": [
                    240,
                    360
                ],
                "motion_vectors": [
                    [
                        0.0,
                        0.0
                    ],
                    [
                        0.0,
                        0.0
                    ],
                    [
                        0.0,
                        0.0
                    ],
                    [
                        0.0,
                        0.0
                    ]
                ],
                "transition_matrix": [
                    [
                        0.5141348281823236,
                        0.28298993263920513,
                        0.15179577836664715,
                        0.05107946081182408
                    ],
                    [
                        0.48829008385365313,
                        0.29311471790311494,
                        0.16249879100019576,
                        0.056096407243036106
                    ],
                    [
                        0.4512059457630591,
                        0.30692680450663845,
                        0.17790357189002148,
                        0.06396367784028105
                    ],
                    [
                        0.425916678898697,
                        0.3182249371307178,
                        0.18752419837678957,
                        0.0683341855937955
                    ]
                ],
                "motion_vectors_variance": [
                    1.1657692476265529,
                    1.1661979625671575,
                    1.166368107935886,
                    1.1665941728421554
                ],
                "motion_vectors_priors": [
                    0.4758933635847986,
                    0.35450935904707886,
                    0.13272830402722632,
                    0.0368689733408962
                ],
                "init_position_prior": 0.034482758620689655
            },
            {
                "centroid": [
                    90.0,
                    420.0
                ],
                "x_limits": [
                    0,
                    180
                ],
                "y_limits": [
                    360,
                    480
                ],
                "motion_vectors": [
                    [
                        0.0,
                        0.0
                    ],
                    [
                        0.0,
                        0.0
                    ],
                    [
                        0.0,
                        0.0
                    ],
                    [
                        0.0,
                        0.0
                    ]
                ],
                "transition_matrix": [
                    [
                        0.5142796444790473,
                        0.2822893259172675,
                        0.15171043989654048,
                        0.051720589707144736
                    ],
                    [
                        0.48700472544006246,
                        0.29346548600691374,
                        0.1630526755857649,
                        0.05647711296725887
                    ],
                    [
                        0.450126211211005,
                        0.3073979493522516,
                        0.17835320436242177,
                        0.06412263507432159
                    ],
                    [
                        0.4258324861151392,
                        0.31837206017649344,
                        0.18750029337877797,
                        0.06829516032958928
                    ]
                ],
                "motion_vectors_variance": [
                    0.8358219270566912,
                    0.8356379517774732,
                    0.8355417927690838,
                    0.8353447765933825
                ],
                "motion_vectors_priors": [
                    0.38817663817663817,
                    0.37535612535612534,
                    0.16381766381766383,
                    0.07264957264957266
                ],
                "init_position_prior": 0.06896551724137931
            }
        ],
        [
            {
                "centroid": [
                    270.0,
                    60.0
                ],
                "x_limits": [
                    180,
                    360
                ],
                "y_limits": [
                    0,
                    120
                ],
                "motion_vectors": [
                    [
                        0.0,
                        0.0
                    ],
                    [
                        0.0,
                        0.0
                    ],
                    [
                        0.0,
                        0.0
                    ],
                    [
                        0.0,
                        0.0
                    ]
                ],
                "transition_matrix": [
                    [
                        0.4761368327950704,
                        0.29762113191514594,
                        0.16762191421156303,
                        0.05862012107822058
                    ],
                    [
                        0.4975015666748302,
                        0.29004105766680827,
                        0.15875402988610102,
                        0.05370334577226062
                    ],
                    [
                        0.531134714144821,
                        0.27736799432564974,
                        0.14508609047557874,
                        0.04641120105395052
                    ],
                    [
                        0.5620852714956107,
                        0.2690643807713716,
                        0.1293842259215475,
                        0.03946612181147043
                    ]
                ],
                "motion_vectors_variance": [
                    0.8685331059766319,
                    0.8682886114931411,
                    0.8681741921555365,
                    0.868057065053922
                ],
                "motion_vectors_priors": [
                    0.5412782956058588,
                    0.2589880159786951,
                    0.1644474034620506,
                    0.035286284953395475
                ],
                "init_position_prior": 0.10344827586206896
            },
            {
                "centroid": [
                    270.0,
                    180.0
                ],
                "x_limits": [
                    180,
                    360
                ],
                "y_limits": [
                    120,
                    240
                ],
                "motion_vectors": [
                    [
                        0.0,
                        0.0
                    ],
                    [
                        0.0,
                        0.0
                    ],
                    [
                        0.0,
                        0.0
                    ],
                    [
                        0.0,
                        0.0
                    ]
                ],
                "transition_matrix": [
                    [
                        0.47881431670664204,
                        0.2966217767917469,
                        0.16652770616235724,
                        0.05803620033925391
                    ],
                    [
                        0.4985317203349739,
                        0.28971808350101347,
                        0.15835568511365894,
                        0.05339451105035375
                    ],
                    [
                        0.5315434316548556,
                        0.27731424211596467,
                        0.14491148816271485,
                        0.04623083806646489
                    ],
                    [
                        0.5622142902060951,
                        0.26909306975027053,
                        0.12928502527381688,
                        0.03940761476981743
                    ]
                ],
                "motion_vectors_variance": [
                    1.2952813783975312,
                    1.295590969197851,
                    1.295731950827652,
                    1.2958879554501894
                ],
                "motion_vectors_priors": [
                    0.43133462282398455,
                    0.3913604126370084,
                    0.1470019342359768,
                    0.030303030303030304
                ],
                "init_position_prior": 0.06896551724137931
            },
            {
                "centroid": [
                    270.0,
                    300.0
                ],
                "x_limits": [
                    180,
                    360
                ],
                "y_limits": [
                    240,
                    360
                ],
                "motion_vectors": [
                    [
                        0.0,
                        0.0
                    ],
                    [
                        0.0,
                        0.0
                    ],
                    [
                        0.0,
                        0.0
                    ],
                    [
                        0.0,
                        0.0
                    ]
                ],
                "transition_matrix": [
                    [
                        0.48615835173175354,
                        0.29385748407902035,
                        0.16352073236408213,
                        0.05646343182514397
                    ],
                    [
                        0.5006411791641171,
                        0.28905113844484503,
                        0.15753862980703945,
                        0.052769052583998464
                    ],
                    [
                        0.5322530770517162,
                        0.27722461256448794,
                        0.14460780724207964,
                        0.045914503141716294
                    ],
                    [
                        0.562425678099967,
                        0.2691430066175982,
                        0.1291208291573929,
                        0.03931048612504189
                    ]
                ],
                "motion_vectors_variance": [
                    0.7598040010680849,
                    0.7605297457431534,
                    0.7608880067539384,
                    0.7615273555618518
                ],
                "motion_vectors_priors": [
                    0.6474184782608695,
                    0.19904891304347827,
                    0.11277173913043478,
                    0.04076086956521739
                ],
                "init_position_prior": 0.0
            },
            {
                "centroid": [
                    270.0,
                    420.0
                ],
                "x_limits": [
                    180,
                    360
                ],
                "y_limits": [
                    360,
                    480
                ],
                "motion_vectors": [
                    [
                        0.0,
                        0.0
                    ],
                    [
                        0.0,
                        0.0
                    ],
                    [
                        0.0,
                        0.0
                    ],
                    [
                        0.0,
                        0.0
                    ]
                ],
                "transition_matrix": [
                    [
                        0.4875638573119681,
                        0.29327286848198464,
                        0.16296034658876535,
                        0.05620292761728195
                    ],
                    [
                        0.5016152453882907,
                        0.2887354388536745,
                        0.1571643633968961,
                        0.05248495236113877
                    ],
                    [
                        0.5329461682166226,
                        0.277044336109099,
                        0.14431772251062608,
                        0.04569177316365234
                    ],
                    [
                        0.5625994820554708,
                        0.26913692793073785,
                        0.1290131456334492,
                        0.039250444380342114
                    ]
                ],
                "motion_vectors_variance": [
                    1.4327973423276417,
                    1.4334674191987458,
                    1.4338125955110934,
                    1.4344276397365496
                ],
                "motion_vectors_priors": [
                    0.6797020484171322,
                    0.19646182495344505,
                    0.07635009310986965,
                    0.04748603351955307
                ],
                "init_position_prior": 0.06896551724137931
            }
        ],
        [
            {
                "centroid": [
                    450.0,
                    60.0
                ],
                "x_limits": [
                    360,
                    540
                ],
                "y_limits": [
                    0,
                    120
                ],
                "motion_vectors": [
                    [
                        0.0,
                        0.0
                    ],
                    [
                        0.0,
                        0.0
                    ],
                    [
                        0.0,
                        0.0
                    ],
                    [
                        0.0,
                        0.0
                    ]
                ],
                "transition_matrix": [
                    [
                        0.4690963834588887,
                        0.30009913697519963,
                        0.17054486956795847,
                        0.06025960999795325
                    ],
                    [
                        0.4952573285469368,
                        0.29025821279583774,
                        0.15954046887448223,
                        0.054943989782743265
                    ],
                    [
                        0.5303336794888039,
                        0.27592548636618175,
                        0.14547723040573213,
                        0.0482636037392822
                    ],
                    [
                        0.5398616771660455,
                        0.27002480056867745,
                        0.14180785868658288,
                        0.048305663578694265
                    ]
                ],
                "motion_vectors_variance": [
                    0.4690335793413939,
                    0.46907931653327645,
                    0.46910031960552645,
                    0.46912630946161965
                ],
                "motion_vectors_priors": [
                    0.32075471698113206,
                    0.2830188679245283,
                    0.22523584905660377,
                    0.17099056603773585
                ],
                "init_position_prior": 0.06896551724137931
            },
            {
                "centroid": [
                    450.0,
                    180.0
                ],
                "x_limits": [
                    360,
                    540
                ],
                "y_limits": [
                    120,
                    240
                ],
                "motion_vectors": [
                    [
                        0.0,
                        0.0
                    ],
                    [
                        0.0,
                        0.0
                    ],
                    [
                        0.0,
                        0.0
                    ],
                    [
                        0.0,
                        0.0
                    ]
                ],
                "transition_matrix": [
                    [
                        0.47092670058195657,
                        0.29930398152002635,
                        0.1697737663561428,
                        0.059995551541874415
                    ],
                    [
                        0.4950738016281115,
                        0.2902182780629853,
                        0.15961173494259182,
                        0.05509618536631145
                    ],
                    [
                        0.5272521596599424,
                        0.27703398612778185,
                        0.14671827357576459,
                        0.048995580636511125
                    ],
                    [
                        0.5356005530216394,
                        0.2718497559953943,
                        0.1432704960869093,
                        0.049279194896057005
                    ]
                ],
                "motion_vectors_variance": [
                    0.26258053874224574,
                    0.26281190743575783,
                    0.26277844554292823,
                    0.26209984049684837
                ],
                "motion_vectors_priors": [
                    0.47692307692307695,
                    0.3333333333333333,
                    0.15897435897435896,
                    0.03076923076923077
                ],
                "init_position_prior": 0.13793103448275862
            },
            {
                "centroid": [
                    450.0,
                    300.0
                ],
                "x_limits": [
                    360,
                    540
                ],
                "y_limits": [
                    240,
                    360
                ],
                "motion_vectors": [
                    [
                        0.0,
                        0.0
                    ],
                    [
                        0.0,
                        0.0
                    ],
                    [
                        0.0,
                        0.0
                    ],
                    [
                        0.0,
                        0.0
                    ]
                ],
                "transition_matrix": [
                    [
                        0.47711649992981137,
                        0.29618299513679064,
                        0.1670751029589717,
                        0.05962540197442643
                    ],
                    [
                        0.4951575196101126,
                        0.2895883636879403,
                        0.15950294772677723,
                        0.05575116897516989
                    ],
                    [
                        0.5203447028949993,
                        0.2794068443394406,
                        0.14946971199618236,
                        0.05077874076937771
                    ],
                    [
                        0.5283937754746983,
                        0.27493470985161966,
                        0.1457030047666509,
                        0.05096850990703118
                    ]
                ],
                "motion_vectors_variance": [
                    0.9014144507868191,
                    0.9009439838962027,
                    0.9004505303295766,
                    0.8986430965584111
                ],
                "motion_vectors_priors": [
                    0.5187165775401069,
                    0.357397504456328,
                    0.07575757575757576,
                    0.0481283422459893
                ],
                "init_position_prior": 0.10344827586206896
            },
            {
                "centroid": [
                    450.0,
                    420.0
                ],
                "x_limits": [
                    360,
                    540
                ],
                "y_limits": [
                    360,
                    480
                ],
                "motion_vectors": [
                    [
                        0.0,
                        0.0
                    ],
                    [
                        0.0,
                        0.0
                    ],
                    [
                        0.0,
                        0.0
                    ],
                    [
                        0.0,
                        0.0
                    ]
                ],
                "transition_matrix": [
                    [
                        0.5010123668087145,
                        0.28406982672630343,
                        0.15668036175953406,
                        0.05823744470544782
                    ],
                    [
                        0.49474724759720023,
                        0.2882439396185245,
                        0.15950703281957193,
                        0.05750177996470325
                    ],
                    [
                        0.5107923063807311,
                        0.28269558973004466,
                        0.15327872793710606,
                        0.05323337595211809
                    ],
                    [
                        0.5232923919812155,
                        0.2771310551737584,
                        0.14741988862129646,
                        0.05215666422372962
                    ]
                ],
                "motion_vectors_variance": [
                    0.0,
                    0.0,
                    0.0,
                    0.0
                ],
                "motion_vectors_priors": [
                    2e-323,
                    1e-323,
                    8e-323,
                    4e-323
                ],
                "init_position_prior": 0.0
            }
        ],
        [
            {
                "centroid": [
                    630.0,
                    60.0
                ],
                "x_limits": [
                    540,
                    720
                ],
                "y_limits": [
                    0,
                    120
                ],
                "motion_vectors": [
                    [
                        0.0,
                        0.0
                    ],
                    [
                        0.0,
                        0.0
                    ],
                    [
                        0.0,
                        0.0
                    ],
                    [
                        0.0,
                        0.0
                    ]
                ],
                "transition_matrix": [
                    [
                        0.5129395669205282,
                        0.27916796182660725,
                        0.1514323362876072,
                        0.056460134965257376
                    ],
                    [
                        0.516777890829532,
                        0.2706952662071109,
                        0.1487118820047142,
                        0.06381496095864313
                    ],
                    [
                        0.525582931643685,
                        0.2537919554511665,
                        0.14281113323584113,
                        0.07781397966930735
                    ],
                    [
                        0.542034272748047,
                        0.2322440128636742,
                        0.13289652336265884,
                        0.09282519102561974
                    ]
                ],
                "motion_vectors_variance": [
                    6.034536505027417,
                    6.037094654639252,
                    6.036517071886165,
                    6.028708436919962
                ],
                "motion_vectors_priors": [
                    0.39473684210526316,
                    0.3263157894736842,
                    0.15789473684210525,
                    0.12105263157894737
                ],
                "init_position_prior": 0.034482758620689655
            },
            {
                "centroid": [
                    630.0,
                    180.0
                ],
                "x_limits": [
                    540,
                    720
                ],
                "y_limits": [
                    120,
                    240
                ],
                "motion_vectors": [
                    [
                        0.0,
                        0.0
                    ],
                    [
                        0.0,
                        0.0
                    ],
                    [
                        0.0,
                        0.0
                    ],
                    [
                        0.0,
                        0.0
                    ]
                ],
                "transition_matrix": [
                    [
                        0.5166282284007045,
                        0.27414419495485043,
                        0.14927406662710493,
                        0.059953510017340166
                    ],
                    [
                        0.519290513330965,
                        0.26754619509910793,
                        0.14728103481453803,
                        0.06588225675538906
                    ],
                    [
                        0.5267514211818604,
                        0.2527730493535929,
                        0.1422089954903564,
                        0.07826653397419016
                    ],
                    [
                        0.5419901577130604,
                        0.23250741653429788,
                        0.13293741148277094,
                        0.09256501426987084
                    ]
                ],
                "motion_vectors_variance": [
                    9.962470630409792,
                    9.962079546990477,
                    9.9622089874422,
                    9.963444404100104
                ],
                "motion_vectors_priors": [
                    0.5046296296296297,
                    0.23148148148148148,
                    0.14814814814814814,
                    0.11574074074074074
                ],
                "init_position_prior": 0.0
            },
            {
                "centroid": [
                    630.0,
                    300.0
                ],
                "x_limits": [
                    540,
                    720
                ],
                "y_limits": [
                    240,
                    360
                ],
                "motion_vectors": [
                    [
                        0.0,
                        0.0
                    ],
                    [
                        0.0,
                        0.0
                    ],
                    [
                        0.0,
                        0.0
                    ],
                    [
                        0.0,
                        0.0
                    ]
                ],
                "transition_matrix": [
                    [
                        0.5260171858826237,
                        0.260900386535669,
                        0.14369338651532487,
                        0.06938904106638237
                    ],
                    [
                        0.5242875468300818,
                        0.2610743526891451,
                        0.14438036297118986,
                        0.0702577375095833
                    ],
                    [
                        0.5283512691697544,
                        0.25155777801501317,
                        0.1413997811275282,
                        0.07869117168770424
                    ],
                    [
                        0.5415419581250349,
                        0.23345089676403777,
                        0.13322605681068225,
                        0.09178108830024491
                    ]
                ],
                "motion_vectors_variance": [
                    3.255055816184853,
                    3.2563712713086965,
                    3.2561604605758774,
                    3.253190022258159
                ],
                "motion_vectors_priors": [
                    0.698005698005698,
                    0.1908831908831909,
                    0.07977207977207977,
                    0.03133903133903134
                ],
                "init_position_prior": 0.0
            },
            {
                "centroid": [
                    630.0,
                    420.0
                ],
                "x_limits": [
                    540,
                    720
                ],
                "y_limits": [
                    360,
                    480
                ],
                "motion_vectors": [
                    [
                        0.0,
                        0.0
                    ],
                    [
                        0.0,
                        0.0
                    ],
                    [
                        0.0,
                        0.0
                    ],
                    [
                        0.0,
                        0.0
                    ]
                ],
                "transition_matrix": [
                    [
                        0.5299432001192312,
                        0.25383038986529793,
                        0.14110529562950924,
                        0.0751211143859616
                    ],
                    [
                        0.5278324731952078,
                        0.2564336323879137,
                        0.14232571147234369,
                        0.07340818294453468
                    ],
                    [
                        0.5301776815726914,
                        0.2501685930251683,
                        0.14049879052412934,
                        0.07915493487801094
                    ],
                    [
                        0.541468009363457,
                        0.23388837742765517,
                        0.13329827708718972,
                        0.09134533612169823
                    ]
                ],
                "motion_vectors_variance": [
                    3.4455862445853183,
                    3.45121787667036,
                    3.4499444522512914,
                    3.4363462705990857
                ],
                "motion_vectors_priors": [
                    0.5344827586206896,
                    0.17672413793103448,
                    0.14655172413793102,
                    0.14224137931034483
                ],
                "init_position_prior": 0.034482758620689655
            }
        ]
    ]
}