{
    "width": 720.0,
    "height": 480.0,
    "nr_nodes": 25,
    "side": 5,
    "x_interval": 144.0,
    "y_interval": 96.0,
    "nr_fields": 6,
    "grid_matrix": [
        [
            {
                "centroid": [
                    72.0,
                    48.0
                ],
                "x_limits": [
                    0,
                    144
                ],
                "y_limits": [
                    0,
                    96
                ],
                "motion_vectors": [
                    [
                        -0.6360507564221052,
                        -0.25753750980085083
                    ],
                    [
                        -0.5838863973627285,
                        -0.21610970710350674
                    ],
                    [
                        -0.6089326079157265,
                        -0.1806495907768746
                    ],
                    [
                        -0.5770693594823542,
                        -0.19340947902647543
                    ],
                    [
                        -0.6617770653754694,
                        -0.24004659856208765
                    ],
                    [
                        -0.6790352880143311,
                        -0.18918443447305783
                    ]
                ],
                "transition_matrix": [
                    [
                        0.37927581059822335,
                        0.22791523352783624,
                        0.15766367057346842,
                        0.11418382231302696,
                        0.07368442887615734,
                        0.04727703411128769
                    ],
                    [
                        0.3792716601485672,
                        0.22792138683808852,
                        0.15766753906699854,
                        0.1141860233087016,
                        0.07368103430021204,
                        0.04727235633743212
                    ],
                    [
                        0.37927352817579435,
                        0.22792150868066255,
                        0.1576687755212375,
                        0.1141858291344968,
                        0.07367969836423574,
                        0.04727066012357315
                    ],
                    [
                        0.3792752941453031,
                        0.2279222523932745,
                        0.1576683732080081,
                        0.11418520834922878,
                        0.07367884916473584,
                        0.04727002273944973
                    ],
                    [
                        0.37927943560988725,
                        0.2279229419836788,
                        0.15766738095937496,
                        0.11418325430325053,
                        0.07367766284010005,
                        0.04726932430370841
                    ],
                    [
                        0.37928114530161705,
                        0.22792333022985012,
                        0.1576671009258284,
                        0.11418260863909979,
                        0.07367696150469169,
                        0.04726885339891299
                    ]
                ],
                "motion_vectors_variance": [
                    0.5945395591386288,
                    0.5481190365722093,
                    0.5432716398121499,
                    0.5516815884869839,
                    0.5587683063304916,
                    0.5638689446391439
                ],
                "motion_vectors_priors": [
                    0.3223965763195435,
                    0.20684736091298145,
                    0.14835948644793154,
                    0.1355206847360913,
                    0.10128388017118402,
                    0.08559201141226819
                ],
                "init_position_prior": 0.10344827586206896
            },
            {
                "centroid": [
                    72.0,
                    144.0
                ],
                "x_limits": [
                    0,
                    144
                ],
                "y_limits": [
                    96,
                    192
                ],
                "motion_vectors": [
                    [
                        -0.01405858797811109,
                        -0.1260138993173656
                    ],
                    [
                        0.7344167154791951,
                        0.14873252841987894
                    ],
                    [
                        0.0016402745364151247,
                        -0.5633062816044578
                    ],
                    [
                        -0.8954725698476238,
                        0.048664220402619376
                    ],
                    [
                        0.5070205267927986,
                        0.23006771668673578
                    ],
                    [
                        0.3704251051787093,
                        -0.1313115191214419
                    ]
                ],
                "transition_matrix": [
                    [
                        0.37940012343974094,
                        0.22792258168520055,
                        0.1576255356556452,
                        0.11413441025889405,
                        0.07365208209976898,
                        0.04726526686075019
                    ],
                    [
                        0.3793976420651322,
                        0.22792885146011962,
                        0.15762891077563415,
                        0.11413594339488121,
                        0.07364824701766189,
                        0.04726040528657091
                    ],
                    [
                        0.3794000031035551,
                        0.2279290066857181,
                        0.1576299990834965,
                        0.11413555077340509,
                        0.07364678265252304,
                        0.04725865770130217
                    ],
                    [
                        0.3794019864805163,
                        0.22792976425370814,
                        0.15762953122444467,
                        0.11413484283172749,
                        0.0736458770929576,
                        0.04725799811664576
                    ],
                    [
                        0.37940627095915463,
                        0.2279304629401184,
                        0.1576284958160528,
                        0.11413283116201582,
                        0.07364465408309237,
                        0.047257285039566055
                    ],
                    [
                        0.37940804189189,
                        0.22793085525191534,
                        0.15762819747727172,
                        0.1141321610137694,
                        0.07364393676747262,
                        0.04725680759768091
                    ]
                ],
                "motion_vectors_variance": [
                    5.295109679943601,
                    2.0615462634869797,
                    5.589082543606185,
                    0.9409432422542858,
                    1.01991463408222,
                    1.163860084548192
                ],
                "motion_vectors_priors": [
                    0.2332761578044597,
                    0.1835334476843911,
                    0.18181818181818182,
                    0.1680960548885077,
                    0.12521440823327615,
                    0.10806174957118353
                ],
                "init_position_prior": 0.10344827586206896
            },
            {
                "centroid": [
                    72.0,
                    240.0
                ],
                "x_limits": [
                    0,
                    144
                ],
                "y_limits": [
                    192,
                    288
                ],
                "motion_vectors": [
                    [
                        0.08966594198853692,
                        0.18093771559394375
                    ],
                    [
                        1.3317959812693916,
                        0.5861034966961851
                    ],
                    [
                        0.37805138296068574,
                        1.329643505841993
                    ],
                    [
                        0.2765930904853763,
                        0.16963447680710791
                    ],
                    [
                        1.0613273803410528,
                        0.05986344702090737
                    ],
                    [
                        0.13067149098016145,
                        -0.2497660710361202
                    ]
                ],
                "transition_matrix": [
                    [
                        0.37945115220828063,
                        0.22792559874905327,
                        0.15760987909898724,
                        0.11411411038081964,
                        0.07363881856433688,
                        0.04726044099852253
                    ],
                    [
                        0.3794501169026734,
                        0.22793196110895714,
                        0.157612818840984,
                        0.11411506723812727,
                        0.0736346044543122,
                        0.04725543145494607
                    ],
                    [
                        0.37945291099263784,
                        0.22793214389916522,
                        0.1576137757543341,
                        0.11411450158211724,
                        0.07363302709988172,
                        0.04725364067186388
                    ],
                    [
                        0.37945508951656254,
                        0.2279329134940637,
                        0.15761324863603882,
                        0.11411371584839922,
                        0.0736320707133942,
                        0.047252961791541585
                    ],
                    [
                        0.3794595053491588,
                        0.22793362027482456,
                        0.1576121733199312,
                        0.11411165170776331,
                        0.07363081363974754,
                        0.04725223570857452
                    ],
                    [
                        0.37946133266366916,
                        0.22793401613483966,
                        0.15761185792676702,
                        0.11411095911601883,
                        0.0736300815880086,
                        0.0472517525706967
                    ]
                ],
                "motion_vectors_variance": [
                    49.13241115597328,
                    2.8558702915975864,
                    2.146184578190206,
                    1.9496734685964756,
                    1.9261398382075947,
                    1.784885269227223
                ],
                "motion_vectors_priors": [
                    0.3670886075949367,
                    0.2199367088607595,
                    0.13924050632911392,
                    0.10443037974683544,
                    0.10126582278481013,
                    0.0680379746835443
                ],
                "init_position_prior": 0.0
            },
            {
                "centroid": [
                    72.0,
                    336.0
                ],
                "x_limits": [
                    0,
                    144
                ],
                "y_limits": [
                    288,
                    384
                ],
                "motion_vectors": [
                    [
                        -0.1995268175486113,
                        -0.11616136120414983
                    ],
                    [
                        -0.2688141105355847,
                        0.8275176003830716
                    ],
                    [
                        0.20368908172746686,
                        -0.12603888122422036
                    ],
                    [
                        0.1442349080917203,
                        1.1451840087607947
                    ],
                    [
                        0.21517426877334533,
                        1.473061518691897
                    ],
                    [
                        -0.045116997626343594,
                        1.0084668030786952
                    ]
                ],
                "transition_matrix": [
                    [
                        0.37939719618355583,
                        0.22792241841019642,
                        0.1576264492828684,
                        0.11413552953484,
                        0.0736528723504629,
                        0.047265534238076466
                    ],
                    [
                        0.37939672043139766,
                        0.22792881529089495,
                        0.15762921407864325,
                        0.11413626676991105,
                        0.07364850876148853,
                        0.047260474667664656
                    ],
                    [
                        0.37939968587772527,
                        0.22792900572754327,
                        0.1576301176135078,
                        0.11413563422867415,
                        0.0736468870121104,
                        0.04725866954043911
                    ],
                    [
                        0.37940194169131697,
                        0.22792977926081023,
                        0.1576295660574566,
                        0.1141348180445881,
                        0.07364591063553266,
                        0.04725798431029543
                    ],
                    [
                        0.37940640916322316,
                        0.22793048860444046,
                        0.15762847444633823,
                        0.11413273365302451,
                        0.07364464008963717,
                        0.04725725404333667
                    ],
                    [
                        0.37940825796975725,
                        0.22793088543481713,
                        0.1576281521832904,
                        0.11413203257929483,
                        0.07364390254045433,
                        0.047256769292386216
                    ]
                ],
                "motion_vectors_variance": [
                    6.675314079493256,
                    4.662920087029709,
                    2.2523972343323306,
                    2.155274677830103,
                    3.44417383576756,
                    2.17527671054112
                ],
                "motion_vectors_priors": [
                    0.4658040665434381,
                    0.1866913123844732,
                    0.13493530499075784,
                    0.09426987060998152,
                    0.08317929759704251,
                    0.03512014787430684
                ],
                "init_position_prior": 0.06896551724137931
            },
            {
                "centroid": [
                    72.0,
                    432.0
                ],
                "x_limits": [
                    0,
                    144
                ],
                "y_limits": [
                    384,
                    480
                ],
                "motion_vectors": [
                    [
                        -0.08181452747121773,
                        -0.021587500911320515
                    ],
                    [
                        -0.3028327112853836,
                        -0.4174582253685839
                    ],
                    [
                        0.5223753809925413,
                        -0.5932932081871265
                    ],
                    [
                        -0.4241590177906415,
                        -0.03970696660512771
                    ],
                    [
                        -1.0203917078625326,
                        -0.3083958281151437
                    ],
                    [
                        0.03525463841062132,
                        -0.08492682863761485
                    ]
                ],
                "transition_matrix": [
                    [
                        0.3792700179442246,
                        0.22791491357857346,
                        0.15766548243541528,
                        0.11418603088916165,
                        0.07368599547014548,
                        0.0472775596824794
                    ],
                    [
                        0.3792698704715795,
                        0.22792132011735222,
                        0.15766813227363188,
                        0.11418664305710605,
                        0.07368154666742473,
                        0.04727248741290547
                    ],
                    [
                        0.3792729424544965,
                        0.22792151206186673,
                        0.15766900055587588,
                        0.11418597088320656,
                        0.07367989734822754,
                        0.047270676696326876
                    ],
                    [
                        0.3792752491445986,
                        0.22792228744486992,
                        0.1576684320869674,
                        0.11418513522592337,
                        0.07367890764289206,
                        0.04726998845474861
                    ],
                    [
                        0.3792797521710389,
                        0.22792299808112515,
                        0.15766732876759268,
                        0.11418303747074858,
                        0.07367762742704131,
                        0.04726925608245328
                    ],
                    [
                        0.3792816154927097,
                        0.22792339523675348,
                        0.15766700152593277,
                        0.11418233078646409,
                        0.07367688618823014,
                        0.047268770769909915
                    ]
                ],
                "motion_vectors_variance": [
                    8.368663741156881,
                    1.6012433178827528,
                    3.0838027644655246,
                    1.5131492855123814,
                    1.173187591947677,
                    11.669895272593589
                ],
                "motion_vectors_priors": [
                    0.4664082687338501,
                    0.22739018087855298,
                    0.16149870801033592,
                    0.06330749354005168,
                    0.05426356589147287,
                    0.027131782945736434
                ],
                "init_position_prior": 0.0
            }
        ],
        [
            {
                "centroid": [
                    216.0,
                    48.0
                ],
                "x_limits": [
                    144,
                    288
                ],
                "y_limits": [
                    0,
                    96
                ],
                "motion_vectors": [
                    [
                        -0.96781197825359,
                        0.08044332072393039
                    ],
                    [
                        -2.3952025760010613,
                        0.3253694111336449
                    ],
                    [
                        -2.0375472920184445,
                        0.4855205289730572
                    ],
                    [
                        0.30715867949341946,
                        0.7726950741288385
                    ],
                    [
                        0.6496288077196685,
                        0.3849805532147158
                    ],
                    [
                        0.02765391645422724,
                        0.10465844827141649
                    ]
                ],
                "transition_matrix": [
                    [
                        0.37746923569828067,
                        0.22780850524928054,
                        0.15821798198735526,
                        0.11490155076558965,
                        0.07415474702674228,
                        0.047447979272751725
                    ],
                    [
                        0.37745556656473406,
                        0.2278139287336793,
                        0.15822454605881467,
                        0.11490760665302169,
                        0.07415385567538262,
                        0.04744449631436778
                    ],
                    [
                        0.3774546796378058,
                        0.2278138194219849,
                        0.15822658744019294,
                        0.11490854456658402,
                        0.074153240744359,
                        0.047443128189073244
                    ],
                    [
                        0.37745524133249697,
                        0.22781447528149965,
                        0.15822653531648842,
                        0.1149084124886138,
                        0.07415270430656466,
                        0.047442631274336504
                    ],
                    [
                        0.377458591588768,
                        0.2278151065737333,
                        0.158225773816612,
                        0.11490678345719293,
                        0.07415171835389187,
                        0.04744202620980194
                    ],
                    [
                        0.3774599544749084,
                        0.2278154667447754,
                        0.15822559242765083,
                        0.11490627763460061,
                        0.07415110875656754,
                        0.047441599961497376
                    ]
                ],
                "motion_vectors_variance": [
                    5.547959873085407,
                    1.6563537101276278,
                    1.084095437266655,
                    0.8809780146543673,
                    1.1843578203917606,
                    0.8915036013789412
                ],
                "motion_vectors_priors": [
                    0.39532019704433496,
                    0.19827586206896552,
                    0.11206896551724138,
                    0.10591133004926108,
                    0.09975369458128079,
                    0.08866995073891626
                ],
                "init_position_prior": 0.10344827586206896
            },
            {
                "centroid": [
                    216.0,
                    144.0
                ],
                "x_limits": [
                    144,
                    288
                ],
                "y_limits": [
                    96,
                    192
                ],
                "motion_vectors": [
                    [
                        0.3232032047193528,
                        0.06014283700625512
                    ],
                    [
                        1.0520683090755878,
                        -0.5294875820465157
                    ],
                    [
                        1.5715622654397752,
                        -0.2099280206237029
                    ],
                    [
                        0.18765918104777135,
                        -0.08677932088993334
                    ],
                    [
                        0.04275299838490251,
                        0.08394239940895004
                    ],
                    [
                        0.29981682456554953,
                        0.12237389236792563
                    ]
                ],
                "transition_matrix": [
                    [
                        0.37754727556326084,
                        0.22781318520387642,
                        0.15819417171124403,
                        0.11487060318695944,
                        0.07413431577357746,
                        0.04744044856108195
                    ],
                    [
                        0.37753587539697453,
                        0.22781875797901402,
                        0.15820005382287347,
                        0.11487575519194776,
                        0.07413282686980499,
                        0.04743673073938548
                    ],
                    [
                        0.3775356600213622,
                        0.22781869086335385,
                        0.15820189149649178,
                        0.11487642479042127,
                        0.07413203698255519,
                        0.047435295845815725
                    ],
                    [
                        0.37753651662444526,
                        0.227819364751536,
                        0.1582017495959395,
                        0.11487617505427675,
                        0.07413142395008243,
                        0.04743477002371997
                    ],
                    [
                        0.37754005905535515,
                        0.2278200077528884,
                        0.15820092957248044,
                        0.11487446914943962,
                        0.07413038835419823,
                        0.0474341461156381
                    ],
                    [
                        0.3775415033753914,
                        0.22782037298813698,
                        0.15820072349607572,
                        0.11487393088182546,
                        0.07412975754768344,
                        0.047433711710886874
                    ]
                ],
                "motion_vectors_variance": [
                    18.463090036156693,
                    1.215453508793835,
                    1.2208511383879752,
                    1.2107609184261114,
                    1.3762618133968134,
                    1.2484884162868843
                ],
                "motion_vectors_priors": [
                    0.39501779359430605,
                    0.2918149466192171,
                    0.15658362989323843,
                    0.09252669039145907,
                    0.03558718861209965,
                    0.028469750889679714
                ],
                "init_position_prior": 0.0
            },
            {
                "centroid": [
                    216.0,
                    240.0
                ],
                "x_limits": [
                    144,
                    288
                ],
                "y_limits": [
                    192,
                    288
                ],
                "motion_vectors": [
                    [
                        0.04353830939835322,
                        -0.054106226790442025
                    ],
                    [
                        -0.738906372239212,
                        0.2347395114315409
                    ],
                    [
                        -1.0096120785010507,
                        0.10925770593376476
                    ],
                    [
                        -0.2994951982220071,
                        -0.1314903508433073
                    ],
                    [
                        -0.6734125619852339,
                        0.45450774469324684
                    ],
                    [
                        -0.12660189611071246,
                        0.21999455508610613
                    ]
                ],
                "transition_matrix": [
                    [
                        0.37757963405341266,
                        0.2278151332612193,
                        0.15818430809187603,
                        0.11485775906398563,
                        0.0741258481979791,
                        0.04743731733152715
                    ],
                    [
                        0.3775694879442435,
                        0.22782078545402434,
                        0.15818981124629372,
                        0.11486241181816959,
                        0.07412403057905073,
                        0.047433472958218044
                    ],
                    [
                        0.3775696462913827,
                        0.22782074166452643,
                        0.15819153528655658,
                        0.11486293233764175,
                        0.07412314320482938,
                        0.047432001215063385
                    ],
                    [
                        0.37757066964674707,
                        0.22782142572441555,
                        0.1581913426258176,
                        0.11486261619030518,
                        0.07412248673853256,
                        0.0474314590741821
                    ],
                    [
                        0.37757432287110604,
                        0.2278220754822704,
                        0.15819048886881126,
                        0.11486086608782245,
                        0.07412142237938425,
                        0.04743082431060555
                    ],
                    [
                        0.3775758144565416,
                        0.22782244364600573,
                        0.1581902684501968,
                        0.11486030901744687,
                        0.07412077922853681,
                        0.04743038520127215
                    ]
                ],
                "motion_vectors_variance": [
                    5.102695002876875,
                    2.2154955398793246,
                    0.8821571356182157,
                    0.989706338348339,
                    2.1002742555925518,
                    0.9256628568355763
                ],
                "motion_vectors_priors": [
                    0.46861404599129897,
                    0.21379738968303294,
                    0.15910503418272218,
                    0.10130515848353014,
                    0.04599129894344313,
                    0.011187072715972654
                ],
                "init_position_prior": 0.034482758620689655
            },
            {
                "centroid": [
                    216.0,
                    336.0
                ],
                "x_limits": [
                    144,
                    288
                ],
                "y_limits": [
                    288,
                    384
                ],
                "motion_vectors": [
                    [
                        0.1739475832946845,
                        -0.08020627003346664
                    ],
                    [
                        1.4100420446264461,
                        2.9203641219387144
                    ],
                    [
                        -0.03298964498036987,
                        1.8381825718947964
                    ],
                    [
                        -0.7189839847702948,
                        0.4391858284371646
                    ],
                    [
                        0.04449805756862821,
                        0.9389941579099284
                    ],
                    [
                        0.2780651427423673,
                        -0.30763579728673746
                    ]
                ],
                "transition_matrix": [
                    [
                        0.3775439329067584,
                        0.2278130034062045,
                        0.15819521849610624,
                        0.11487187887200563,
                        0.07413521693091359,
                        0.04744074938801168
                    ],
                    [
                        0.3775348485398078,
                        0.22781871887240512,
                        0.15820039366255256,
                        0.11487611133569013,
                        0.07413312089449768,
                        0.047436806695046664
                    ],
                    [
                        0.37753532587470967,
                        0.22781869239770602,
                        0.15820201930858196,
                        0.11487650584356619,
                        0.07413215063047138,
                        0.04743530594496491
                    ],
                    [
                        0.3775364914445404,
                        0.22781938447636327,
                        0.158201782580273,
                        0.11487613335408618,
                        0.07413145721509425,
                        0.04743475092964293
                    ],
                    [
                        0.37754023860765534,
                        0.22782003949151192,
                        0.15820089973742635,
                        0.11487434610301193,
                        0.07413036836654238,
                        0.047434107693852194
                    ],
                    [
                        0.3775417697234593,
                        0.22782040980925897,
                        0.15820066702537455,
                        0.11487377336394083,
                        0.07412971497985456,
                        0.04743366509811184
                    ]
                ],
                "motion_vectors_variance": [
                    4.983713232273977,
                    4.140288939386666,
                    2.887651390255406,
                    2.575977236837352,
                    1.3078538183023103,
                    1.3135039879942534
                ],
                "motion_vectors_priors": [
                    0.4244604316546763,
                    0.3300359712230216,
                    0.08723021582733813,
                    0.06564748201438848,
                    0.051258992805755396,
                    0.04136690647482014
                ],
                "init_position_prior": 0.0
            },
            {
                "centroid": [
                    216.0,
                    432.0
                ],
                "x_limits": [
                    144,
                    288
                ],
                "y_limits": [
                    384,
                    480
                ],
                "motion_vectors": [
                    [
                        0.056260552210919954,
                        0.1984710299529569
                    ],
                    [
                        1.8964261300211571,
                        1.2218943488688505
                    ],
                    [
                        -0.1840067086739996,
                        0.5862960230799552
                    ],
                    [
                        -1.482676776015666,
                        0.3117973077514901
                    ],
                    [
                        0.7042782004072852,
                        0.05403217015404896
                    ],
                    [
                        0.5593519886842423,
                        0.010825236123916816
                    ]
                ],
                "transition_matrix": [
                    [
                        0.37746138289423525,
                        0.2278080727979192,
                        0.15822043541325062,
                        0.11490455844254559,
                        0.07415685917192193,
                        0.04744869128012737
                    ],
                    [
                        0.377453116323842,
                        0.22781383039885283,
                        0.15822535075865754,
                        0.11490846930956937,
                        0.07415455047395036,
                        0.04744468273512803
                    ],
                    [
                        0.3774538441535268,
                        0.22781381570336293,
                        0.158226897950081,
                        0.11490876599606274,
                        0.07415351510115215,
                        0.047443161095814444
                    ],
                    [
                        0.3774551243295537,
                        0.22781451382764312,
                        0.15822662526062586,
                        0.11490834844907995,
                        0.07415279178275178,
                        0.0474425963503455
                    ],
                    [
                        0.3774589492079373,
                        0.2278151729304752,
                        0.1582257180927979,
                        0.11490653081869463,
                        0.07415168242031507,
                        0.04744194652977986
                    ],
                    [
                        0.377460513045741,
                        0.22781554484787242,
                        0.15822547501875273,
                        0.11490594518272353,
                        0.07415102056377705,
                        0.04744150134113311
                    ]
                ],
                "motion_vectors_variance": [
                    42.12216291255358,
                    1.7849227914500903,
                    2.653827376084774,
                    3.5883063615915773,
                    2.657593196850033,
                    31.65482180824795
                ],
                "motion_vectors_priors": [
                    0.48656716417910445,
                    0.21940298507462686,
                    0.16119402985074627,
                    0.07164179104477612,
                    0.03731343283582089,
                    0.023880597014925373
                ],
                "init_position_prior": 0.10344827586206896
            }
        ],
        [
            {
                "centroid": [
                    360.0,
                    48.0
                ],
                "x_limits": [
                    288,
                    432
                ],
                "y_limits": [
                    0,
                    96
                ],
                "motion_vectors": [
                    [
                        -0.9617920303727792,
                        0.09785133484291347
                    ],
                    [
                        2.089983739852337,
                        -0.18929819242428494
                    ],
                    [
                        1.1351020405261263,
                        -0.19691255277004516
                    ],
                    [
                        -0.8532641007879118,
                        0.009144323959179721
                    ],
                    [
                        -1.249444480712584,
                        0.03079921583448297
                    ],
                    [
                        -1.42027920928448,
                        -0.09853010891525407
                    ]
                ],
                "transition_matrix": [
                    [
                        0.37425863909509904,
                        0.2276177257706442,
                        0.1592009425086442,
                        0.11617557539754032,
                        0.07499291349240404,
                        0.04775420373566837
                    ],
                    [
                        0.37422979712782767,
                        0.2276219498126214,
                        0.15921175534181117,
                        0.11618778304764579,
                        0.07499602722426305,
                        0.047752687445830944
                    ],
                    [
                        0.374224533998773,
                        0.2276214598599481,
                        0.15921506574480168,
                        0.11619052437460094,
