{
    "width": 720.0,
    "height": 480.0,
    "nr_nodes": 25,
    "side": 5,
    "x_interval": 144.0,
    "y_interval": 96.0,
    "nr_fields": 4,
    "grid_matrix": [
        [
            {
                "centroid": [
                    72.0,
                    48.0
                ],
                "x_limits": [
                    0,
                    144
                ],
                "y_limits": [
                    0,
                    96
                ],
                "motion_vectors": [
                    [
                        0.0,
                        0.0
                    ],
                    [
                        0.0,
                        0.0
                    ],
                    [
                        0.0,
                        0.0
                    ],
                    [
                        0.0,
                        0.0
                    ]
                ],
                "transition_matrix": [
                    [
                        0.46973284108532515,
                        0.2582248125758022,
                        0.15432995345777134,
                        0.11771239288110127
                    ],
                    [
                        0.4705380143155234,
                        0.257766931700449,
                        0.1538755492534627,
                        0.11781950473056495
                    ],
                    [
                        0.4765725619029184,
                        0.25367790246380933,
                        0.1525784882188865,
                        0.11717104741438572
                    ],
                    [
                        0.4795341851564862,
                        0.25114638779561593,
                        0.15214241580588753,
                        0.11717701124201031
                    ]
                ],
                "motion_vectors_variance": [
                    1.168493954687359,
                    1.168539234804607,
                    1.16852847378308,
                    1.1685181086388132
                ],
                "motion_vectors_priors": [
                    0.34236804564907275,
                    0.2767475035663338,
                    0.19543509272467904,
                    0.18544935805991442
                ],
                "init_position_prior": 0.10344827586206896
            },
            {
                "centroid": [
                    72.0,
                    144.0
                ],
                "x_limits": [
                    0,
                    144
                ],
                "y_limits": [
                    96,
                    192
                ],
                "motion_vectors": [
                    [
                        0.0,
                        0.0
                    ],
                    [
                        0.0,
                        0.0
                    ],
                    [
                        0.0,
                        0.0
                    ],
                    [
                        0.0,
                        0.0
                    ]
                ],
                "transition_matrix": [
                    [
                        0.469034130266992,
                        0.25859131565894306,
                        0.15472086498370452,
                        0.11765368909036043
                    ],
                    [
                        0.47055060772122853,
                        0.25776737343769524,
                        0.1539124473527406,
                        0.11776957148833575
                    ],
                    [
                        0.47709931947210504,
                        0.25339035346782895,
                        0.15245384568993878,
                        0.11705648137012713
                    ],
                    [
                        0.48004831929262004,
                        0.2508687924801061,
                        0.15201522551608818,
                        0.11706766271118567
                    ]
                ],
                "motion_vectors_variance": [
                    1.1601505159249972,
                    1.160109694820252,
                    1.1601251296551125,
                    1.160141344283233
                ],
                "motion_vectors_priors": [
                    0.3516295025728988,
                    0.2658662092624357,
                    0.20240137221269297,
                    0.18010291595197256
                ],
                "init_position_prior": 0.10344827586206896
            },
            {
                "centroid": [
                    72.0,
                    240.0
                ],
                "x_limits": [
                    0,
                    144
                ],
                "y_limits": [
                    192,
                    288
                ],
                "motion_vectors": [
                    [
                        0.0,
                        0.0
                    ],
                    [
                        0.0,
                        0.0
                    ],
                    [
                        0.0,
                        0.0
                    ],
                    [
                        0.0,
                        0.0
                    ]
                ],
                "transition_matrix": [
                    [
                        0.46751836268872926,
                        0.25928759164999055,
                        0.15569124386265235,
                        0.11750280179862789
                    ],
                    [
                        0.4706536582194992,
                        0.25769804357180065,
                        0.1539909528151568,
                        0.11765734539354328
                    ],
                    [
                        0.4781630547448204,
                        0.2528140769537158,
                        0.15219871600138216,
                        0.11682415230008154
                    ],
                    [
                        0.48106909500527534,
                        0.2503306388476273,
                        0.15175493080734517,
                        0.11684533533975217
                    ]
                ],
                "motion_vectors_variance": [
                    1.7232450027768955,
                    1.72301945746859,
                    1.7233537319714665,
                    1.723098860049545
                ],
                "motion_vectors_priors": [
                    0.5411392405063291,
                    0.2579113924050633,
                    0.12658227848101267,
                    0.07436708860759493
                ],
                "init_position_prior": 0.0
            },
            {
                "centroid": [
                    72.0,
                    336.0
                ],
                "x_limits": [
                    0,
                    144
                ],
                "y_limits": [
                    288,
                    384
                ],
                "motion_vectors": [
                    [
                        0.0,
                        0.0
                    ],
                    [
                        0.0,
                        0.0
                    ],
                    [
                        0.0,
                        0.0
                    ],
                    [
                        0.0,
                        0.0
                    ]
                ],
                "transition_matrix": [
                    [
                        0.4657831260590529,
                        0.2597489897465151,
                        0.15725167814959734,
                        0.11721620604483449
                    ],
                    [
                        0.47091968096041137,
                        0.25745799589990137,
                        0.15410915427301067,
                        0.11751316886667654
                    ],
                    [
                        0.47927739647063317,
                        0.252210594742115,
                        0.1519299272837177,
                        0.116582081503534
                    ],
                    [
                        0.48210224039699723,
                        0.24980633052227155,
                        0.15147756997261946,
                        0.11661385910811167
                    ]
                ],
                "motion_vectors_variance": [
                    2.1176311182135663,
                    2.117510077857909,
                    2.1175678581252932,
                    2.1175424898036854
                ],
                "motion_vectors_priors": [
                    0.6839186691312384,
                    0.19593345656192238,
                    0.08317929759704251,
                    0.036968576709796676
                ],
                "init_position_prior": 0.06896551724137931
            },
            {
                "centroid": [
                    72.0,
                    432.0
                ],
                "x_limits": [
                    0,
                    144
                ],
                "y_limits": [
                    384,
                    480
                ],
                "motion_vectors": [
                    [
                        0.0,
                        0.0
                    ],
                    [
                        0.0,
                        0.0
                    ],
                    [
                        0.0,
                        0.0
                    ],
                    [
                        0.0,
                        0.0
                    ]
                ],
                "transition_matrix": [
                    [
                        0.4648332359261487,
                        0.25992396641294907,
                        0.1582034174042302,
                        0.11703938025667213
                    ],
                    [
                        0.47110054194090517,
                        0.25729407417543626,
                        0.15417175104074057,
                        0.11743363284291822
                    ],
                    [
                        0.47983897042524565,
                        0.25190874232660077,
                        0.1517926926933248,
                        0.11645959455482882
                    ],
                    [
                        0.4826142175466567,
                        0.24955342925740132,
                        0.15133596736434046,
                        0.11649638583160164
                    ]
                ],
                "motion_vectors_variance": [
                    1.1163435507266248,
                    1.1161692939701644,
                    1.1163788235019854,
                    1.1162555462126251
                ],
                "motion_vectors_priors": [
                    0.4819121447028424,
                    0.23772609819121446,
                    0.16149870801033592,
                    0.11886304909560723
                ],
                "init_position_prior": 0.0
            }
        ],
        [
            {
                "centroid": [
                    216.0,
                    48.0
                ],
                "x_limits": [
                    144,
                    288
                ],
                "y_limits": [
                    0,
                    96
                ],
                "motion_vectors": [
                    [
                        0.0,
                        0.0
                    ],
                    [
                        0.0,
                        0.0
                    ],
                    [
                        0.0,
                        0.0
                    ],
                    [
                        0.0,
                        0.0
                    ]
                ],
                "transition_matrix": [
                    [
                        0.4721129526540578,
                        0.2568776210042549,
                        0.1534640162898148,
                        0.1175454100518725
                    ],
                    [
                        0.47103667538131117,
                        0.2575407185757138,
                        0.15387199058776063,
                        0.11755061545521449
                    ],
                    [
                        0.467990747676661,
                        0.2597366143940333,
                        0.15439891890005827,
                        0.11787371902924754
                    ],
                    [
                        0.4667810609952139,
                        0.26121765522042434,
                        0.15432179910651564,
                        0.11767948467784599
                    ]
                ],
                "motion_vectors_variance": [
                    0.3719373394473589,
                    0.3719409654458514,
                    0.37197495966868804,
                    0.3719177994545791
                ],
                "motion_vectors_priors": [
                    0.5184729064039408,
                    0.16625615763546797,
                    0.15763546798029557,
                    0.15763546798029557
                ],
                "init_position_prior": 0.10344827586206896
            },
            {
                "centroid": [
                    216.0,
                    144.0
                ],
                "x_limits": [
                    144,
                    288
                ],
                "y_limits": [
                    96,
                    192
                ],
                "motion_vectors": [
                    [
                        0.0,
                        0.0
                    ],
                    [
                        0.0,
                        0.0
                    ],
                    [
                        0.0,
                        0.0
                    ],
                    [
                        0.0,
                        0.0
                    ]
                ],
                "transition_matrix": [
                    [
                        0.4711504919090681,
                        0.2576162190223802,
                        0.15365747503075466,
                        0.11757581403779711
                    ],
                    [
                        0.47046052458713333,
                        0.2580515035204502,
                        0.15389825503635118,
                        0.11758971685606533
                    ],
                    [
                        0.4682484674229051,
                        0.2597426812374037,
                        0.15423130410458646,
                        0.11777754723510489
                    ],
                    [
                        0.46722120586499344,
                        0.26117759199080587,
                        0.15409321192027822,
                        0.11750799022392239
                    ]
                ],
                "motion_vectors_variance": [
                    1.2332512983203012,
                    1.2347177490538426,
                    1.2423831674612549,
                    1.229894379848522
                ],
                "motion_vectors_priors": [
                    0.4306049822064057,
                    0.4128113879003559,
                    0.09252669039145907,
                    0.06405693950177936
                ],
                "init_position_prior": 0.0
            },
            {
                "centroid": [
                    216.0,
                    240.0
                ],
                "x_limits": [
                    144,
                    288
                ],
                "y_limits": [
                    192,
                    288
                ],
                "motion_vectors": [
                    [
                        0.0,
                        0.0
                    ],
                    [
                        0.0,
                        0.0
                    ],
                    [
                        0.0,
                        0.0
                    ],
                    [
                        0.0,
                        0.0
                    ]
                ],
                "transition_matrix": [
                    [
                        0.46913238295045095,
                        0.25915995511652684,
                        0.15405427568395919,
                        0.11765338624906313
                    ],
                    [
                        0.4692400856909277,
                        0.2591107752323549,
                        0.15395252260242343,
                        0.11769661647429386
                    ],
                    [
                        0.4684086357590098,
                        0.26007712936177263,
                        0.15391765625300866,
                        0.11759657862620886
                    ],
                    [
                        0.46774391511803226,
                        0.26152888096481547,
                        0.15362236083612568,
                        0.11710484308102671
                    ]
                ],
                "motion_vectors_variance": [
                    0.40568568084146994,
                    0.40555773183576665,
                    0.40564076379500363,
                    0.40563464149783773
                ],
                "motion_vectors_priors": [
                    0.5494095711622126,
                    0.21068986948415164,
                    0.18520820385332504,
                    0.05469235550031075
                ],
                "init_position_prior": 0.034482758620689655
            },
            {
                "centroid": [
                    216.0,
                    336.0
                ],
                "x_limits": [
                    144,
                    288
                ],
                "y_limits": [
                    288,
                    384
                ],
                "motion_vectors": [
                    [
                        0.0,
                        0.0
                    ],
                    [
                        0.0,
                        0.0
                    ],
                    [
                        0.0,
                        0.0
                    ],
                    [
                        0.0,
                        0.0
                    ]
                ],
                "transition_matrix": [
                    [
                        0.46817339583409506,
                        0.25982886969831714,
                        0.15429872847641593,
                        0.1176990059911719
                    ],
                    [
                        0.46822665053202717,
                        0.2599274850333854,
                        0.1540365551078676,
                        0.1178093093267198
                    ],
                    [
                        0.46783060947444083,
                        0.26100352915724884,
                        0.15372839565347068,
                        0.11743746571483976
                    ],
                    [
                        0.467557551766624,
                        0.26262140930455435,
                        0.15320312599190428,
                        0.1166179129369174
                    ]
                ],
                "motion_vectors_variance": [
                    1.336905419646822,
                    1.33674820667366,
                    1.3368907110898942,
                    1.3368300853878248
                ],
                "motion_vectors_priors": [
                    0.42535971223021585,
                    0.3318345323741007,
                    0.15017985611510792,
                    0.09262589928057553
                ],
                "init_position_prior": 0.0
            },
            {
                "centroid": [
                    216.0,
                    432.0
                ],
                "x_limits": [
                    144,
                    288
                ],
                "y_limits": [
                    384,
                    480
                ],
                "motion_vectors": [
                    [
                        0.0,
                        0.0
                    ],
                    [
                        0.0,
                        0.0
                    ],
                    [
                        0.0,
                        0.0
                    ],
                    [
                        0.0,
                        0.0
                    ]
                ],
                "transition_matrix": [
                    [
                        0.4672998963858458,
                        0.26037643797276533,
                        0.15454736527139962,
                        0.11777630036998943
                    ],
                    [
                        0.467448239293321,
                        0.26052697618717247,
                        0.15410367236967673,
                        0.1179211121498296
                    ],
                    [
                        0.46721623511793753,
                        0.26179010035920475,
                        0.1536396195025368,
                        0.1173540450203209
                    ],
                    [
                        0.4672180746978152,
                        0.2635017019940441,
                        0.152967299877232,
                        0.11631292343090868
                    ]
                ],
                "motion_vectors_variance": [
                    0.8532238102039111,
                    0.8533307219180435,
                    0.8529396817664608,
                    0.8534064689557774
                ],
                "motion_vectors_priors": [
                    0.7119402985074627,
                    0.2253731343283582,
                    0.03880597014925373,
                    0.023880597014925373
                ],
                "init_position_prior": 0.10344827586206896
            }
        ],
        [
            {
                "centroid": [
                    360.0,
                    48.0
                ],
                "x_limits": [
                    288,
                    432
                ],
                "y_limits": [
                    0,
                    96
                ],
                "motion_vectors": [
                    [
                        0.0,
                        0.0
                    ],
                    [
                        0.0,
                        0.0
                    ],
                    [
                        0.0,
                        0.0
                    ],
                    [
                        0.0,
                        0.0
                    ]
                ],
                "transition_matrix": [
                    [
                        0.46965241404683195,
                        0.25765600830200824,
                        0.1570058018847061,
                        0.11568577576645368
                    ],
                    [
                        0.46540973062646246,
                        0.2588339340799648,
                        0.16077583864832748,
                        0.11498049664524532
                    ],
                    [
                        0.4665951463258879,
                        0.25846151630873215,
                        0.16048521602006602,
                        0.11445812134531388
                    ],
                    [
                        0.47333777042262576,
                        0.25557309366200215,
                        0.1576281261316383,
                        0.11346100978373379
                    ]
                ],
                "motion_vectors_variance": [
                    1.347883410442381,
                    1.3478493145588224,
                    1.3478563370215202,
                    1.3478439035746728
                ],
                "motion_vectors_priors": [
                    0.48201438848920863,
                    0.2719424460431655,
                    0.18129496402877698,
                    0.06474820143884892
                ],
                "init_position_prior": 0.06896551724137931
            },
            {
                "centroid": [
                    360.0,
                    144.0
                ],
                "x_limits": [
                    288,
                    432
                ],
                "y_limits": [
                    96,
                    192
                ],
                "motion_vectors": [
                    [
                        0.0,
                        0.0
                    ],
                    [
                        0.0,
                        0.0
                    ],
                    [
                        0.0,
                        0.0
                    ],
                    [
                        0.0,
                        0.0
                    ]
                ],
                "transition_matrix": [
                    [
                        0.4618293561279921,
                        0.26024180250748324,
                        0.16646340734785564,
                        0.11146543401666908
                    ],
                    [
                        0.4612042641302103,
                        0.25952976070432965,
                        0.16590026472480124,
                        0.11336571044065881
                    ],
                    [
                        0.46702010259932464,
                        0.25756381343017953,
                        0.16149496457161258,
                        0.11392111939888319
                    ],
                    [
                        0.47538636022869213,
                        0.25414260205371064,
                        0.1572509897565186,
                        0.11322004796107868
                    ]
                ],
                "motion_vectors_variance": [
                    1.397338547240716,
                    1.397303867515585,
                    1.3973226106800807,
                    1.397326436128948
                ],
                "motion_vectors_priors": [
                    0.4795613160518445,
                    0.3040877367896311,
                    0.19740777666999004,
                    0.018943170488534396
                ],
                "init_position_prior": 0.0
            },
            {
                "centroid": [
                    360.0,
                    240.0
                ],
                "x_limits": [
                    288,
                    432
                ],
                "y_limits": [
                    192,
                    288
                ],
                "motion_vectors": [
                    [
                        0.0,
                        0.0
                    ],
                    [
                        0.0,
                        0.0
                    ],
                    [
                        0.0,
                        0.0
                    ],
                    [
                        0.0,
                        0.0
                    ]
                ],
                "transition_matrix": [
                    [
                        0.4584232081429752,
                        0.26154072231784614,
                        0.17033279786911612,
                        0.10970327167006252
                    ],
                    [
                        0.4583991018683728,
                        0.2600167421870964,
                        0.16893978105109167,
                        0.11264437489343902
                    ],
                    [
                        0.4679349713893915,
                        0.2565664137935488,
                        0.1617477817005901,
                        0.11375083311646968
                    ],
                    [
                        0.4787738712319076,
                        0.25205083996458677,
                        0.15603855039888417,
                        0.11313673840462149
                    ]
                ],
                "motion_vectors_variance": [
                    0.5024582818233065,
                    0.5024093197324827,
                    0.5020386735039047,
                    0.5026718889872703
                ],
                "motion_vectors_priors": [
                    0.5982498011137629,
                    0.2092283214001591,
                    0.17899761336515513,
                    0.013524264120922832
                ],
                "init_position_prior": 0.06896551724137931
            },
            {
                "centroid": [
                    360.0,
                    336.0
                ],
                "x_limits": [
                    288,
                    432
                ],
                "y_limits": [
                    288,
                    384
                ],
                "motion_vectors": [
                    [
                        0.0,
                        0.0
                    ],
                    [
                        0.0,
                        0.0
                    ],
                    [
                        0.0,
                        0.0
                    ],
                    [
                        0.0,
                        0.0
                    ]
                ],
                "transition_matrix": [
                    [
                        0.45798762699734513,
                        0.2616786286593706,
                        0.1708922197693653,
                        0.10944152457391909
                    ],
                    [
                        0.4579196237455353,
                        0.2600718263652138,
                        0.16949024560204612,
                        0.11251830428720483
                    ],
                    [
                        0.46817812716870133,
                        0.2563225031101824,
                        0.16178542665376425,
                        0.1137139430673521
                    ],
                    [
                        0.48006531334546076,
                        0.25129579485394477,
                        0.15555367429125277,
                        0.11308521750934176
                    ]
                ],
                "motion_vectors_variance": [
                    1.28945883498732,
                    1.2891470856853307,
                    1.2855931595947085,
                    1.291462490313679
                ],
                "motion_vectors_priors": [
                    0.5899632802937577,
                    0.23133414932680538,
                    0.1383108935128519,
                    0.04039167686658507
                ],
                "init_position_prior": 0.0
            },
            {
                "centroid": [
                    360.0,
                    432.0
                ],
                "x_limits": [
                    288,
                    432
                ],
                "y_limits": [
                    384,
                    480
                ],
                "motion_vectors": [
                    [
                        0.0,
                        0.0
                    ],
                    [
                        0.0,
                        0.0
                    ],
                    [
                        0.0,
                        0.0
                    ],
                    [
                        0.0,
                        0.0
                    ]
                ],
                "transition_matrix": [
                    [
                        0.45776770320206456,
                        0.2618020369900623,
                        0.17109261748826474,
                        0.1093376423196082
                    ],
                    [
                        0.4577036814306883,
                        0.260107103857059,
                        0.16962058761726018,
                        0.1125686270949927
                    ],
                    [
                        0.4684474900783693,
                        0.2561757335233342,
                        0.16156302445566303,
                        0.11381375194263349
                    ],
                    [
                        0.4808512203681895,
                        0.2509103617040151,
                        0.1550841920821453,
                        0.11315422584565012
                    ]
                ],
                "motion_vectors_variance": [
                    0.5567261733395714,
                    0.5566417460138563,
                    0.5542244624918864,
                    0.5581015314786036
                ],
                "motion_vectors_priors": [
                    0.5021097046413502,
                    0.4092827004219409,
                    0.04430379746835443,
                    0.04430379746835443
                ],
                "init_position_prior": 0.0
            }
        ],
        [
            {
                "centroid": [
                    504.0,
                    48.0
                ],
                "x_limits": [
                    432,
                    576
                ],
                "y_limits": [
                    0,
                    96
                ],
                "motion_vectors": [
                    [
                        0.0,
                        0.0
                    ],
                    [
                        0.0,
                        0.0
                    ],
                    [
                        0.0,
                        0.0
                    ],
                    [
                        0.0,
                        0.0
                    ]
                ],
                "transition_matrix": [
                    [
                        0.47154994033465714,
                        0.25635390709469036,
                        0.1564598550164545,
                        0.11563629755419785
                    ],
                    [
                        0.46676451400994734,
                        0.25898785823246273,
                        0.16219467657517567,
                        0.11205295118241419
                    ],
                    [
                        0.4544602659756567,
                        0.2629961858843144,
                        0.1723772804874219,
                        0.11016626765260694
                    ],
                    [
                        0.442676712061935,
                        0.2676753783905085,
                        0.17961445246570676,
                        0.11003345708184974
                    ]
                ],
                "motion_vectors_variance": [
                    1.6797357724704864,
                    1.6799006408386326,
                    1.6800889864649393,
                    1.679671845607012
                ],
                "motion_vectors_priors": [
                    0.4246031746031746,
                    0.23412698412698413,
                    0.20634920634920634,
                    0.1349206349206349
                ],
                "init_position_prior": 0.034482758620689655
            },
            {
                "centroid": [
                    504.0,
                    144.0
                ],
                "x_limits": [
                    432,
                    576
                ],
                "y_limits": [
                    96,
                    192
                ],
                "motion_vectors": [
                    [
                        0.0,
                        0.0
                    ],
                    [
                        0.0,
                        0.0
                    ],
                    [
                        0.0,
                        0.0
                    ],
                    [
                        0.0,
                        0.0
                    ]
                ],
                "transition_matrix": [
                    [
                        0.4701039355651427,
                        0.25644190401359834,
                        0.1584385732851927,
                        0.11501558713606633
                    ],
                    [
                        0.4667440896076391,
                        0.2587842343798721,
                        0.16299280521115844,
                        0.11147887080133044
                    ],
                    [
                        0.45491009879832195,
                        0.26276368560125835,
                        0.1725704820308684,
                        0.10975573356955134
                    ],
                    [
                        0.44278597321870333,
                        0.26762952220622477,
                        0.17983802572776897,
                        0.10974647884730288
                    ]
                ],
                "motion_vectors_variance": [
                    5.7507302152826645,
                    5.7509167769459,
                    5.752482741969316,
                    5.75006465075888
                ],
                "motion_vectors_priors": [
                    0.4144144144144144,
                    0.2072072072072072,
                    0.1981981981981982,
                    0.18018018018018017
                ],
                "init_position_prior": 0.0
            },
            {
                "centroid": [
                    504.0,
                    240.0
                ],
                "x_limits": [
                    432,
                    576
                ],
                "y_limits": [
                    192,
                    288
                ],
                "motion_vectors": [
                    [
                        0.0,
                        0.0
                    ],
                    [
                        0.0,
                        0.0
                    ],
                    [
                        0.0,
                        0.0
                    ],
                    [
                        0.0,
                        0.0
                    ]
                ],
                "transition_matrix": [
                    [
                        0.46659014413828886,
                        0.2566483464264631,
                        0.16304531875592151,
                        0.11371619067932641
                    ],
                    [
                        0.4669399928607542,
                        0.25816954443485723,
                        0.16434035061751395,
                        0.11055011208687472
                    ],
                    [
                        0.45636232627332823,
                        0.26211955573632933,
                        0.172465232394194,
                        0.1090528855961484
                    ],
                    [
                        0.4434857085842917,
                        0.26738395751707,
                        0.1798989203093929,
                        0.10923141358924546
                    ]
                ],
                "motion_vectors_variance": [
                    0.5598242973750599,
                    0.5588450874260311,
