{
    "width": 720.0,
    "height": 480.0,
    "nr_nodes": 16,
    "side": 4,
    "x_interval": 180.0,
    "y_interval": 120.0,
    "nr_fields": 4,
    "grid_matrix": [
        [
            {
                "centroid": [
                    90.0,
                    60.0
                ],
                "x_limits": [
                    0,
                    180
                ],
                "y_limits": [
                    0,
                    120
                ],
                "motion_vectors": [
                    [
                        -0.7599255643032099,
                        -0.5854749501017006
                    ],
                    [
                        -0.8770223962577856,
                        -0.6023579434293005
                    ],
                    [
                        -0.8210329787675072,
                        -0.5512616605385502
                    ],
                    [
                        -0.8185232011566321,
                        -0.5860219605329093
                    ]
                ],
                "transition_matrix": [
                    [
                        0.48333852670152283,
                        0.28316401875549096,
                        0.1533323994554452,
                        0.080165055087541
                    ],
                    [
                        0.48332454705618105,
                        0.2831602682481404,
                        0.1533335498708535,
                        0.08018163482482496
                    ],
                    [
                        0.48332939388493257,
                        0.2831510435030076,
                        0.15333184983779022,
                        0.08018771277426974
                    ],
                    [
                        0.4833320344800992,
                        0.2831493719774817,
                        0.15333005338826441,
                        0.08018854015415472
                    ]
                ],
                "motion_vectors_variance": [
                    0.8625049401122463,
                    0.8218685698059193,
                    0.7136561276142621,
                    0.7035987897785447
                ],
                "motion_vectors_priors": [
                    0.3196060877350045,
                    0.2900626678603402,
                    0.23187108325872874,
                    0.1584601611459266
                ],
                "init_position_prior": 0.13793103448275862
            },
            {
                "centroid": [
                    90.0,
                    180.0
                ],
                "x_limits": [
                    0,
                    180
                ],
                "y_limits": [
                    120,
                    240
                ],
                "motion_vectors": [
                    [
                        0.1308705283776112,
                        0.9307171229607145
                    ],
                    [
                        0.314777040510845,
                        -0.2826821504549457
                    ],
                    [
                        0.06358229969709012,
                        -0.04978804818188101
                    ],
                    [
                        0.13412386893938313,
                        -0.10760107847708603
                    ]
                ],
                "transition_matrix": [
                    [
                        0.48333136008690697,
                        0.28318012827287364,
                        0.15333927939413317,
                        0.0801492322460862
                    ],
                    [
                        0.4833172978724122,
                        0.2831765963603414,
                        0.1533405133247816,
                        0.08016559244246478
                    ],
                    [
                        0.48332211315626455,
                        0.2831674567443987,
                        0.15333884538293463,
                        0.08017158471640219
                    ],
                    [
                        0.483324744659865,
                        0.2831658115041468,
                        0.1533370583550031,
                        0.08017238548098503
                    ]
                ],
                "motion_vectors_variance": [
                    1.0640557903169825,
                    4.883111763327525,
                    1.1257980680964395,
                    1.7168681991184833
                ],
                "motion_vectors_priors": [
                    0.46729957805907174,
                    0.2795358649789029,
                    0.22468354430379747,
                    0.028481012658227847
                ],
                "init_position_prior": 0.13793103448275862
            },
            {
                "centroid": [
                    90.0,
                    300.0
                ],
                "x_limits": [
                    0,
                    180
                ],
                "y_limits": [
                    240,
                    360
                ],
                "motion_vectors": [
                    [
                        0.6353091451409907,
                        2.7181555077477704
                    ],
                    [
                        0.43210607211957486,
                        1.060075583414081
                    ],
                    [
                        0.4309920919184117,
                        2.0471768119028737
                    ],
                    [
                        0.1464251729410565,
                        1.902830579682625
                    ]
                ],
                "transition_matrix": [
                    [
                        0.4833313735753616,
                        0.2831801013162217,
                        0.15333926753095503,
                        0.08014925757746166
                    ],
                    [
                        0.48331730153572044,
                        0.2831765869270324,
                        0.15334050935955623,
                        0.0801656021776908
                    ],
                    [
                        0.48332211432825883,
                        0.28316745379153624,
                        0.15333884418435778,
                        0.08017158769584716
                    ],
                    [
                        0.48332474500472833,
                        0.28316581066514745,
                        0.15333705800790184,
                        0.08017238632222251
                    ]
                ],
                "motion_vectors_variance": [
                    3.9847679334370394,
                    5.401168991421172,
                    1.497594851759659,
                    2.018660209473022
                ],
                "motion_vectors_priors": [
                    0.4758933635847986,
                    0.35450935904707886,
                    0.13272830402722632,
                    0.0368689733408962
                ],
                "init_position_prior": 0.034482758620689655
            },
            {
                "centroid": [
                    90.0,
                    420.0
                ],
                "x_limits": [
                    0,
                    180
                ],
                "y_limits": [
                    360,
                    480
                ],
                "motion_vectors": [
                    [
                        1.1194262568700997,
                        1.7046618829747584
                    ],
                    [
                        0.12854953985902698,
                        -0.23886967318311203
                    ],
                    [
                        1.1690448468930468,
                        -0.6793465897506895
                    ],
                    [
                        0.5488453555183241,
                        0.3501803244697984
                    ]
                ],
                "transition_matrix": [
                    [
                        0.48333862653557197,
                        0.2831638089796923,
                        0.15333230816938614,
                        0.08016525631534958
                    ],
                    [
                        0.4833245788482827,
                        0.2831601948184038,
                        0.15333351827223593,
                        0.08018170806107745
                    ],
                    [
                        0.4833294046578455,
                        0.28315102060012715,
                        0.15333183980841447,
                        0.08018773493361278
                    ],
                    [
                        0.483332038611152,
                        0.28314936494675536,
                        0.15333004994794663,
                        0.08018854649414606
                    ]
                ],
                "motion_vectors_variance": [
                    4.7561717505673995,
                    112.68716363846316,
                    2.5390734599710405,
                    7.030556375149226
                ],
                "motion_vectors_priors": [
                    0.3888888888888889,
                    0.3817663817663818,
                    0.1574074074074074,
                    0.07193732193732194
                ],
                "init_position_prior": 0.06896551724137931
            }
        ],
        [
            {
                "centroid": [
                    270.0,
                    60.0
                ],
                "x_limits": [
                    180,
                    360
                ],
                "y_limits": [
                    0,
                    120
                ],
                "motion_vectors": [
                    [
                        -1.7781249520956566,
                        0.25827563015098404
                    ],
                    [
                        0.8806317156454642,
                        -0.3828732307811775
                    ],
                    [
                        0.016734940882792454,
                        0.1854485300704856
                    ],
                    [
                        -0.033231656072070945,
                        -0.42541611218462416
                    ]
                ],
                "transition_matrix": [
                    [
                        0.48346642589954836,
                        0.28287663792424367,
                        0.1532096530391086,
                        0.08044728313709944
                    ],
                    [
                        0.48345346060308075,
                        0.28286988997868445,
                        0.15320970963476752,
                        0.08046693978346736
                    ],
                    [
                        0.4834587327374699,
                        0.28285948259783233,
                        0.15320758021129274,
                        0.08047420445340492
                    ],
                    [
                        0.4834614916027219,
                        0.28285744880462865,
                        0.15320565958866306,
                        0.08047540000398645
                    ]
                ],
                "motion_vectors_variance": [
                    1.6414006769157747,
                    3.8469857168590704,
                    17.77643907675788,
                    15.746524250756991
                ],
                "motion_vectors_priors": [
                    0.5412782956058588,
                    0.2589880159786951,
                    0.1644474034620506,
                    0.035286284953395475
                ],
                "init_position_prior": 0.10344827586206896
            },
            {
                "centroid": [
                    270.0,
                    180.0
                ],
                "x_limits": [
                    180,
                    360
                ],
                "y_limits": [
                    120,
                    240
                ],
                "motion_vectors": [
                    [
                        0.11274695422142095,
                        0.012785554478715766
                    ],
                    [
                        0.195621909263814,
                        -0.010657816227912509
                    ],
                    [
                        0.22935541146152874,
                        -0.04017917610374758
                    ],
                    [
                        0.2327080826354751,
                        -0.0030605613425218614
                    ]
                ],
                "transition_matrix": [
                    [
                        0.48346338229603847,
                        0.2828834804647375,
                        0.15321257500186725,
                        0.08044056223735677
                    ],
                    [
                        0.4834503409365762,
                        0.28287691814711113,
                        0.15321270651313346,
                        0.08046003440317921
                    ],
                    [
                        0.4834555845625085,
                        0.2828665810349054,
                        0.15321060524238428,
                        0.0804672291602018
                    ],
                    [
                        0.4834583350148298,
                        0.2828645686870888,
                        0.15320869299656983,
                        0.08046840330151157
                    ]
                ],
                "motion_vectors_variance": [
                    1.2360897951600327,
                    1.2470014822350142,
                    1.2319127923210962,
                    1.2420818336715125
                ],
                "motion_vectors_priors": [
                    0.43133462282398455,
                    0.3913604126370084,
                    0.1470019342359768,
                    0.030303030303030304
                ],
                "init_position_prior": 0.06896551724137931
            },
            {
                "centroid": [
                    270.0,
                    300.0
                ],
                "x_limits": [
                    180,
                    360
                ],
                "y_limits": [
                    240,
                    360
                ],
                "motion_vectors": [
                    [
                        0.8038646518988636,
                        -0.7533209880598389
                    ],
                    [
                        -0.745991846126622,
                        -0.9939371801056622
                    ],
                    [
                        -0.34375389397064726,
                        0.07899969600304396
                    ],
                    [
                        -0.14116029644992684,
                        0.03130451645920848
                    ]
                ],
                "transition_matrix": [
                    [
                        0.4834634386399243,
                        0.282883360729619,
                        0.1532125231532352,
                        0.08044067747722165
                    ],
                    [
                        0.48345035829807026,
                        0.28287687660979965,
                        0.15321268891532291,
                        0.08046007617680706
                    ],
                    [
                        0.4834555898606313,
                        0.28286656845521085,
                        0.1532106000029433,
                        0.08046724168121434
                    ],
                    [
                        0.48345833651860376,
                        0.2828645651716487,
                        0.15320869151947153,
                        0.08046840679027609
                    ]
                ],
                "motion_vectors_variance": [
                    1.9820157203702404,
                    1.3942884738390613,
                    1.1489484233839304,
                    0.7246774386791598
                ],
                "motion_vectors_priors": [
                    0.6474184782608695,
                    0.19904891304347827,
                    0.11277173913043478,
                    0.04076086956521739
                ],
                "init_position_prior": 0.0
            },
            {
                "centroid": [
                    270.0,
                    420.0
                ],
                "x_limits": [
                    180,
                    360
                ],
                "y_limits": [
                    360,
                    480
                ],
                "motion_vectors": [
                    [
                        -2.4552472470053344,
                        -1.6005561747731134
                    ],
                    [
                        -0.2370806181145297,
                        -0.37197623120872597
                    ],
                    [
                        -0.4207171868224335,
                        -0.03291416048644048
                    ],
                    [
                        0.46133294163367655,
                        -1.6235543533192336
                    ]
                ],
                "transition_matrix": [
                    [
                        0.4834666170935997,
                        0.28287622801890683,
                        0.15320947570723875,
                        0.08044767918025471
                    ],
                    [
                        0.48345352281540727,
                        0.28286974700598216,
                        0.1532096483341512,
                        0.08046708184445943
                    ],
                    [
                        0.4834587528414432,
                        0.2828594388488758,
                        0.1532075612595417,
                        0.08047424705013932
                    ],
                    [
                        0.48346149857058257,
                        0.282857435905336,
                        0.15320565354387458,
                        0.08047541198020691
                    ]
                ],
                "motion_vectors_variance": [
                    4.116490603767776,
                    47.93879662628993,
                    34.86417345958958,
                    3.552346005335225
                ],
                "motion_vectors_priors": [
                    0.6797020484171322,
                    0.19646182495344505,
                    0.07635009310986965,
                    0.04748603351955307
                ],
                "init_position_prior": 0.06896551724137931
            }
        ],
        [
            {
                "centroid": [
                    450.0,
                    60.0
                ],
                "x_limits": [
                    360,
                    540
                ],
                "y_limits": [
                    0,
                    120
                ],
                "motion_vectors": [
                    [
                        1.5938686399007103,
                        0.010062482420211571
                    ],
                    [
                        -0.07522647245495163,
                        0.35513943090152306
                    ],
                    [
                        0.31492480249254123,
                        -0.0813026824015251
                    ],
                    [
                        0.07823863852725173,
                        0.10503441006296804
                    ]
                ],
                "transition_matrix": [
                    [
                        0.4836622018782923,
                        0.2824367015113833,
                        0.1530217551471518,
                        0.08087934146317258
                    ],
                    [
                        0.48365069289755125,
                        0.28242562906427815,
                        0.15302024538929374,
                        0.08090343264887691
                    ],
                    [
                        0.48365657049220967,
                        0.28241350553622896,
                        0.1530174987810956,
                        0.0809124251904658
                    ],
                    [
                        0.483659497640216,
                        0.28241094350352786,
                        0.15301539978011508,
                        0.08091415907614119
                    ]
                ],
                "motion_vectors_variance": [
                    2.432814579143169,
                    0.4824402381180187,
                    2.2023855352860067,
                    0.625344316626083
                ],
                "motion_vectors_priors": [
                    0.32075471698113206,
                    0.2830188679245283,
                    0.22523584905660377,
                    0.17099056603773585
                ],
                "init_position_prior": 0.06896551724137931
            },
            {
                "centroid": [
                    450.0,
                    180.0
                ],
                "x_limits": [
                    360,
                    540
                ],
                "y_limits": [
                    120,
                    240
                ],
                "motion_vectors": [
                    [
                        -2.166669626708999,
                        1.6583015252111135
                    ],
                    [
                        1.2250178068541309,
                        1.0134010076999957
                    ],
                    [
                        -0.10820515153598484,
                        0.7622711083967282
                    ],
                    [
                        0.2770725494925933,
                        10.22475347540606
                    ]
                ],
                "transition_matrix": [
                    [
                        0.48366542246339034,
                        0.2824294662237509,
                        0.15301866458704202,
                        0.08088644672581685
                    ],
                    [
                        0.4836538738690901,
                        0.2824184656541207,
                        0.1530171899488313,
                        0.08091047052795787
                    ],
                    [
                        0.4836597381104065,
                        0.28240636668445346,
                        0.15301445566204563,
                        0.08091943954309441
                    ],
                    [
                        0.4836626609772977,
                        0.28240381193375014,
                        0.15301236051373804,
                        0.080921166575214
                    ]
                ],
                "motion_vectors_variance": [
                    0.44794996163112266,
                    1.269091265550233,
                    0.6769525556869658,
                    2.0086261897160367
                ],
                "motion_vectors_priors": [
                    0.47692307692307695,
                    0.3333333333333333,
                    0.15897435897435896,
                    0.03076923076923077
                ],
                "init_position_prior": 0.13793103448275862
            },
            {
                "centroid": [
                    450.0,
                    300.0
                ],
                "x_limits": [
                    360,
                    540
                ],
                "y_limits": [
                    240,
                    360
                ],
                "motion_vectors": [
                    [
                        0.8666338467376616,
                        -0.534496484897448
                    ],
                    [
                        0.958837351116888,
                        -0.47910872310502023
                    ],
                    [
                        0.8428816999700609,
                        -0.48768601318804344
                    ],
                    [
                        0.7974868175629526,
                        -0.4813619787381662
                    ]
                ],
                "transition_matrix": [
                    [
                        0.4836655018868836,
                        0.282429297944107,
                        0.15301859161463435,
                        0.08088660855437499
                    ],
                    [
                        0.48365389854902435,
                        0.28241840650500655,
                        0.15301716490656364,
                        0.08091053003940543
                    ],
                    [
                        0.4836597456659449,
                        0.28240634870335196,
                        0.15301444818352833,
                        0.08091945744717488
                    ],
                    [
                        0.4836626631053419,
                        0.2824038069428942,
                        0.1530123584206604,
                        0.08092117153110345
                    ]
                ],
                "motion_vectors_variance": [
                    0.6129031168659153,
                    0.7535329959615545,
                    0.6739577529138145,
                    0.6935974504278782
                ],
                "motion_vectors_priors": [
                    0.5187165775401069,
                    0.357397504456328,
                    0.07575757575757576,
                    0.0481283422459893
                ],
                "init_position_prior": 0.10344827586206896
            },
            {
                "centroid": [
                    450.0,
                    420.0
                ],
                "x_limits": [
                    360,
                    540
                ],
                "y_limits": [
                    360,
                    480
                ],
                "motion_vectors": [
                    [
                        0.16930054261345306,
                        -0.04474955988626206
                    ],
                    [
                        0.2825296888901252,
                        -0.03725974124265152
                    ],
                    [
                        0.2085591687433191,
                        -0.03938383545816951
                    ],
                    [
                        0.38580605446338206,
                        -0.03810002300352866
                    ]
                ],
                "transition_matrix": [
                    [
                        0.4836624894350861,
                        0.28243607611255017,
                        0.15302148567782484,
                        0.08087994877453876
                    ],
                    [
                        0.4836507881628817,
                        0.2824254112621027,
                        0.1530201521920393,
                        0.08090364838297634
                    ],
                    [
                        0.4836566003393362,
                        0.2824134397277586,
                        0.15301747044515948,
                        0.08091248948774556
                    ],
                    [
                        0.483659507253696,
                        0.28241092462065026,
                        0.15301539118841212,
                        0.08091417693724154
                    ]
                ],
                "motion_vectors_variance": [
                    0.0,
                    0.0,
                    0.0,
                    0.0
                ],
                "motion_vectors_priors": [
                    2e-323,
                    1e-323,
                    8e-323,
                    4e-323
                ],
                "init_position_prior": 0.0
            }
        ],
        [
            {
                "centroid": [
                    630.0,
                    60.0
                ],
                "x_limits": [
                    540,
                    720
                ],
                "y_limits": [
                    0,
                    120
                ],
                "motion_vectors": [
                    [
                        0.5675832294025442,
                        14.246264505852379
                    ],
                    [
                        -0.21916568467908454,
                        0.4849061205058613
                    ],
                    [
                        0.541035523054222,
                        -0.12888296100457242
                    ],
                    [
                        -0.1099667063985718,
                        -1.8505659994062797
                    ]
                ],
                "transition_matrix": [
                    [
                        0.4837901249981652,
                        0.28214922283675076,
                        0.1528989765823214,
                        0.08116167558276265
                    ],
                    [
                        0.48377962228008375,
                        0.28213521921653545,
                        0.1528963967193571,
                        0.08118876178402358
                    ],
                    [
                        0.48378591184565156,
                        0.2821219339986717,
                        0.15289322968483876,
                        0.08119892447083793
                    ],
                    [
                        0.48378895422965834,
                        0.2821190138684867,
                        0.15289100883287376,
                        0.08120102306898128
                    ]
                ],
                "motion_vectors_variance": [
                    6.329663675044797,
                    23.77989886191748,
                    8.126538415118832,
                    40.811361407757424
                ],
                "motion_vectors_priors": [
                    0.39473684210526316,
                    0.3263157894736842,
                    0.15789473684210525,
                    0.12105263157894737
                ],
                "init_position_prior": 0.034482758620689655
            },
            {
                "centroid": [
                    630.0,
                    180.0
                ],
                "x_limits": [
                    540,
                    720
                ],
                "y_limits": [
                    120,
                    240
                ],
                "motion_vectors": [
                    [
                        3.8635097227484745,
                        0.03203060467016095
                    ],
                    [
                        6.3639875599452065,
                        0.2654932083250551
                    ],
                    [
                        -0.1779946973378267,
                        -0.17403643661997223
                    ],
                    [
                        0.21288289984264763,
                        0.002987314931023499
                    ]
                ],
                "transition_matrix": [
                    [
                        0.48379749904906055,
                        0.2821326611081886,
                        0.15289190217909984,
                        0.08117793766365103
                    ],
                    [
                        0.48378694042373716,
                        0.28211873346472044,
                        0.15288936608505976,
                        0.0812049600264826
                    ],
                    [
                        0.48379321418643817,
                        0.2821054729144085,
                        0.15288621381552953,
                        0.08121509908362375
                    ],
                    [
                        0.48379625103702767,
                        0.2821025603554739,
                        0.15288399779982262,
                        0.08121719080767588
                    ]
                ],
                "motion_vectors_variance": [
                    15.570749614689147,
                    10.309979006873622,
                    11.877652244490571,
                    46.88447887040882
                ],
                "motion_vectors_priors": [
                    0.5046296296296297,
                    0.23148148148148148,
                    0.14814814814814814,
                    0.11574074074074074
                ],
                "init_position_prior": 0.0
            },
            {
                "centroid": [
                    630.0,
                    300.0
                ],
                "x_limits": [
                    540,
                    720
                ],
                "y_limits": [
                    240,
                    360
                ],
                "motion_vectors": [
                    [
                        -11.16143369614854,
                        -0.05824894190320458
                    ],
                    [
                        0.2400909199650722,
                        -0.22038462851578333
                    ],
                    [
                        0.7549692134045998,
                        -0.025818224027932508
                    ],
                    [
                        0.07071257084145327,
                        3.51786991749127e-05
                    ]
                ],
                "transition_matrix": [
                    [
                        0.48379752575878443,
                        0.28213260235013243,
                        0.1528918769670462,
                        0.08117799492403702
                    ],
                    [
                        0.4837869492005443,
                        0.28211871323394083,
                        0.15288935747586263,
                        0.08120498008965225
                    ],
                    [
                        0.4837932167977038,
                        0.2821054669122978,
                        0.15288621127865248,
                        0.08121510501134584
                    ],
                    [
                        0.4837962517571369,
                        0.28210255871089196,
                        0.15288399710213144,
                        0.08121719242983974
                    ]
                ],
                "motion_vectors_variance": [
                    3.992402014128933,
                    3.537990105305806,
                    3.9926486274958277,
                    8.769022992803894
                ],
                "motion_vectors_priors": [
                    0.698005698005698,
                    0.1908831908831909,
                    0.07977207977207977,
                    0.03133903133903134
                ],
                "init_position_prior": 0.0
            },
            {
                "centroid": [
                    630.0,
                    420.0
                ],
                "x_limits": [
                    540,
                    720
                ],
                "y_limits": [
                    360,
                    480
                ],
                "motion_vectors": [
                    [
                        -0.5482637383539581,
                        -0.11434358737030488
                    ],
                    [
                        -0.15301436069955823,
                        -0.12619910194778827
                    ],
                    [
                        -0.6864657895282206,
                        -0.13727973700823012
                    ],
                    [
                        -0.34428580255871444,
                        -0.11565946223515469
                    ]
                ],
                "transition_matrix": [
                    [
                        0.4837904345917456,
                        0.28214854561413255,
                        0.15289868526750386,
                        0.08116233452661803
                    ],
                    [
                        0.48377972548896164,
                        0.282134983518395,
                        0.1528962959793249,
                        0.08118899501331854
                    ],
                    [
                        0.4837859437157822,
                        0.2821218631781542,
                        0.15289319929980036,
                        0.08119899380626337
                    ],
                    [
                        0.4837889641043853,
                        0.28211899381840916,
                        0.15289099985557345,
                        0.08120104222163207
                    ]
                ],
                "motion_vectors_variance": [
                    3.455081017227046,
                    3.829492047989755,
                    3.554923934431902,
                    3.881581846266613
                ],
                "motion_vectors_priors": [
                    0.5344827586206896,
                    0.17672413793103448,
                    0.14655172413793102,
                    0.14224137931034483
                ],
                "init_position_prior": 0.034482758620689655
            }
        ]
    ]
}