{
    "width": 720.0,
    "height": 480.0,
    "nr_nodes": 25,
    "side": 5,
    "x_interval": 144.0,
    "y_interval": 96.0,
    "nr_fields": 4,
    "grid_matrix": [
        [
            {
                "centroid": [
                    72.0,
                    48.0
                ],
                "x_limits": [
                    0,
                    144
                ],
                "y_limits": [
                    0,
                    96
                ],
                "motion_vectors": [
                    [
                        -0.6383932417831168,
                        -0.23200875810169763
                    ],
                    [
                        -0.6710528824847848,
                        -0.22873592069839807
                    ],
                    [
                        -0.6434381727265008,
                        -0.1409433929877858
                    ],
                    [
                        -0.5907422053905821,
                        -0.2119548766649198
                    ]
                ],
                "transition_matrix": [
                    [
                        0.4877712854812516,
                        0.2652376918668979,
                        0.15982219486121232,
                        0.08716882779063816
                    ],
                    [
                        0.48776874272418164,
                        0.26524489020382064,
                        0.15982305921973958,
                        0.0871633078522581
                    ],
                    [
                        0.4877725350881335,
                        0.26524431256740666,
                        0.15982275584371164,
                        0.08716039650074812
                    ],
                    [
                        0.4877745908120086,
                        0.2652446981806245,
                        0.15982123751260333,
                        0.08715947349476341
                    ]
                ],
                "motion_vectors_variance": [
                    0.5715099803748901,
                    0.5665057769738625,
                    0.5582024949315652,
                    0.560180581650609
                ],
                "motion_vectors_priors": [
                    0.34236804564907275,
                    0.2781740370898716,
                    0.19400855920114124,
                    0.18544935805991442
                ],
                "init_position_prior": 0.10344827586206896
            },
            {
                "centroid": [
                    72.0,
                    144.0
                ],
                "x_limits": [
                    0,
                    144
                ],
                "y_limits": [
                    96,
                    192
                ],
                "motion_vectors": [
                    [
                        0.9770094549803006,
                        -0.09233188222461516
                    ],
                    [
                        -0.3741646802708204,
                        -0.13791470275340365
                    ],
                    [
                        -0.21810469058807067,
                        -0.43332542408838454
                    ],
                    [
                        -0.31540606509929325,
                        -0.10126154652244627
                    ]
                ],
                "transition_matrix": [
                    [
                        0.48786563089071094,
                        0.26523135331542647,
                        0.15975365043991663,
                        0.08714936535394582
                    ],
                    [
                        0.48786425711670905,
                        0.26523849160618646,
                        0.1597536823270429,
                        0.08714356895006165
                    ],
                    [
                        0.48786836429492547,
                        0.26523789613322646,
                        0.15975315641038396,
                        0.08714058316146418
                    ],
                    [
                        0.487870544776142,
                        0.2652382743405785,
                        0.15975154793252092,
                        0.08713963295075852
                    ]
                ],
                "motion_vectors_variance": [
                    2.0714360366427216,
                    1.4142106456635055,
                    0.9571108927606965,
                    2.632765885482531
                ],
                "motion_vectors_priors": [
                    0.34991423670668953,
                    0.26758147512864494,
                    0.20240137221269297,
                    0.18010291595197256
                ],
                "init_position_prior": 0.10344827586206896
            },
            {
                "centroid": [
                    72.0,
                    240.0
                ],
                "x_limits": [
                    0,
                    144
                ],
                "y_limits": [
                    192,
                    288
                ],
                "motion_vectors": [
                    [
                        1.764143855609067,
                        1.1614623336115293
                    ],
                    [
                        -0.0005708122057056786,
                        0.4972373683766307
                    ],
                    [
                        0.2733692120858745,
                        -0.014402821609489441
                    ],
                    [
                        0.16044542083621843,
                        0.1768849932644247
                    ]
                ],
                "transition_matrix": [
                    [
                        0.4879044948287345,
                        0.2652287641990331,
                        0.1597253997306942,
                        0.08714134124153833
                    ],
                    [
                        0.48790413506228175,
                        0.26523584197405825,
                        0.15972470278476844,
                        0.08713532017889147
                    ],
                    [
                        0.48790851510081396,
                        0.2652352297586918,
                        0.15972398132433102,
                        0.08713227381616323
                    ],
                    [
                        0.4879108113889443,
                        0.26523560067992213,
                        0.15972228901409055,
                        0.08713129891704306
                    ]
                ],
                "motion_vectors_variance": [
                    3.51738655213935,
                    9.052018494448495,
                    1.8995864067344879,
                    2.3400054852250807
                ],
                "motion_vectors_priors": [
                    0.5411392405063291,
                    0.2579113924050633,
                    0.12658227848101267,
                    0.07436708860759493
                ],
                "init_position_prior": 0.0
            },
            {
                "centroid": [
                    72.0,
                    336.0
                ],
                "x_limits": [
                    0,
                    144
                ],
                "y_limits": [
                    288,
                    384
                ],
                "motion_vectors": [
                    [
                        0.2794030841776504,
                        -0.2086043124694958
                    ],
                    [
                        0.14928737035740933,
                        0.881347234265293
                    ],
                    [
                        0.01606379196401983,
                        1.8421205086225603
                    ],
                    [
                        -0.0963250123436651,
                        0.3119834872509352
                    ]
                ],
                "transition_matrix": [
                    [
                        0.487863743832053,
                        0.26523158512411243,
                        0.15975499243129096,
                        0.08714967861254364
                    ],
                    [
                        0.4878637700435862,
                        0.2652386357801207,
                        0.1597540079464427,
                        0.08714358622985036
                    ],
                    [
                        0.4878682541824546,
                        0.2652380141307757,
                        0.15975320894690787,
                        0.08714052273986178
                    ],
                    [
                        0.48787059725468507,
                        0.2652383811846135,
                        0.15975148232124575,
                        0.08713953923945562
                    ]
                ],
                "motion_vectors_variance": [
                    2.242002976326579,
                    2.39244089222186,
                    7.818957598550465,
                    3.166379828615438
                ],
                "motion_vectors_priors": [
                    0.6839186691312384,
                    0.19593345656192238,
                    0.08317929759704251,
                    0.036968576709796676
                ],
                "init_position_prior": 0.06896551724137931
            },
            {
                "centroid": [
                    72.0,
                    432.0
                ],
                "x_limits": [
                    0,
                    144
                ],
                "y_limits": [
                    384,
                    480
                ],
                "motion_vectors": [
                    [
                        0.27030856868297626,
                        -0.008531391363554519
                    ],
                    [
                        -0.7081893687133709,
                        -0.06137756046831417
                    ],
                    [
                        0.10752217283108574,
                        -0.08153824165161702
                    ],
                    [
                        0.47103991716538807,
                        -0.17388534330353816
                    ]
                ],
                "transition_matrix": [
                    [
                        0.48776754456791643,
                        0.2652381689992238,
                        0.15982485138672725,
                        0.08716943504613235
                    ],
                    [
                        0.48776779252721797,
                        0.26524519224867676,
                        0.15982368934040875,
                        0.08716332588369653
                    ],
                    [
                        0.4877723360831788,
                        0.2652445624218994,
                        0.1598228416684666,
                        0.08716025982645512
                    ],
                    [
                        0.48777471311597054,
                        0.26524492598005234,
                        0.15982108982493914,
                        0.08715927107903791
                    ]
                ],
                "motion_vectors_variance": [
                    8.270570736098025,
                    2.369063150074911,
                    2.639988025993637,
                    3.057249601369711
                ],
                "motion_vectors_priors": [
                    0.4819121447028424,
                    0.23772609819121446,
                    0.16149870801033592,
                    0.11886304909560723
                ],
                "init_position_prior": 0.0
            }
        ],
        [
            {
                "centroid": [
                    216.0,
                    48.0
                ],
                "x_limits": [
                    144,
                    288
                ],
                "y_limits": [
                    0,
                    96
                ],
                "motion_vectors": [
                    [
                        0.4784034987163578,
                        0.527615401927465
                    ],
                    [
                        0.36613040014306963,
                        0.27763247057012425
                    ],
                    [
                        -1.2593135975741236,
                        0.47087191483619495
                    ],
                    [
                        -2.1306910483695205,
                        0.5591255879151246
                    ]
                ],
                "transition_matrix": [
                    [
                        0.48640256091294265,
                        0.2653304691551748,
                        0.16081638051422287,
                        0.08745058941765967
                    ],
                    [
                        0.4863932665528418,
                        0.2653379196292975,
                        0.16082190600311483,
                        0.08744690781474579
                    ],
                    [
                        0.4863952405180427,
                        0.2653374054798203,
                        0.160822841363183,
                        0.08744451263895388
                    ],
                    [
                        0.4863966264221205,
                        0.26533781871050405,
                        0.16082180120508985,
                        0.08744375366228559
                    ]
                ],
                "motion_vectors_variance": [
                    6.825690136634712,
                    0.5310326472491452,
                    1.5032533858359622,
                    0.7392554970930222
                ],
                "motion_vectors_priors": [
                    0.5184729064039408,
                    0.16625615763546797,
                    0.15886699507389163,
                    0.1564039408866995
                ],
                "init_position_prior": 0.10344827586206896
            },
            {
                "centroid": [
                    216.0,
                    144.0
                ],
                "x_limits": [
                    144,
                    288
                ],
                "y_limits": [
                    96,
                    192
                ],
                "motion_vectors": [
                    [
                        0.8862870528471118,
                        -0.37469010201339464
                    ],
                    [
                        0.581967929084153,
                        0.1190259780266761
                    ],
                    [
                        0.26292002720855545,
                        -0.07607441623839042
                    ],
                    [
                        0.0329837840613203,
                        -0.0022291287604832982
                    ]
                ],
                "transition_matrix": [
                    [
                        0.4864619677630652,
                        0.2653266261121535,
                        0.16077332661471144,
                        0.0874380795100698
                    ],
                    [
                        0.4864542509418645,
                        0.26533398511068046,
                        0.16077771711215735,
                        0.08743404683529768
                    ],
                    [
                        0.48645664912328546,
                        0.2653334441872105,
                        0.16077834861777138,
                        0.08743155807173263
                    ],
                    [
                        0.48645820447958016,
                        0.26533384654732095,
                        0.16077718566850552,
                        0.08743076330459329
                    ]
                ],
                "motion_vectors_variance": [
                    1.252904201713868,
                    2.1546843912451203,
                    1.8146291763077405,
                    1.2746311906857954
                ],
                "motion_vectors_priors": [
                    0.4306049822064057,
                    0.4128113879003559,
                    0.09252669039145907,
                    0.06405693950177936
                ],
                "init_position_prior": 0.0
            },
            {
                "centroid": [
                    216.0,
                    240.0
                ],
                "x_limits": [
                    144,
                    288
                ],
                "y_limits": [
                    192,
                    288
                ],
                "motion_vectors": [
                    [
                        -0.3098251905195346,
                        0.3194746375141528
                    ],
                    [
                        -0.6540887970965792,
                        0.0010937844919726453
                    ],
                    [
                        -0.17655953072450198,
                        1.4774184254285876
                    ],
                    [
                        0.216432554375247,
                        0.38588734097341504
                    ]
                ],
                "transition_matrix": [
                    [
                        0.4864866368129085,
                        0.26532506792177696,
                        0.16075544116077423,
                        0.08743285410454037
                    ],
                    [
                        0.4864797949073078,
                        0.26533237362369316,
                        0.16075920115728656,
                        0.08742863031171244
                    ],
                    [
                        0.4864824281004868,
                        0.26533181789017013,
                        0.16075966372245745,
                        0.08742609028688543
                    ],
                    [
                        0.4864840813751298,
                        0.26533221398762974,
                        0.16075842983686822,
                        0.08742527480037221
                    ]
                ],
                "motion_vectors_variance": [
                    8.054999111030789,
                    7.340802366516667,
                    1.6928670257007625,
                    0.5985237908164365
                ],
                "motion_vectors_priors": [
                    0.5494095711622126,
                    0.21068986948415164,
                    0.18520820385332504,
                    0.05469235550031075
                ],
                "init_position_prior": 0.034482758620689655
            },
            {
                "centroid": [
                    216.0,
                    336.0
                ],
                "x_limits": [
                    144,
                    288
                ],
                "y_limits": [
                    288,
                    384
                ],
                "motion_vectors": [
                    [
                        -0.051937387775542486,
                        1.5778652139304954
                    ],
                    [
                        -0.016543069460219856,
                        0.9151670984367295
                    ],
                    [
                        0.5281659186266684,
                        0.7134867636165885
                    ],
                    [
                        0.10497974618057346,
                        -0.4078560158901783
                    ]
                ],
                "transition_matrix": [
                    [
                        0.48645981134561306,
                        0.26532690156068867,
                        0.16077485822814158,
                        0.08743842886555654
                    ],
                    [
                        0.48645370435192953,
                        0.26533415670560573,
                        0.16077807985523832,
                        0.0874340590872264
                    ],
                    [
                        0.4864565349618883,
                        0.26533358617180214,
                        0.16077839775338992,
                        0.08743148111291978
                    ],
                    [
                        0.4864582724381548,
                        0.2653339761642114,
                        0.1607771025103819,
                        0.0874306488872519
                    ]
                ],
                "motion_vectors_variance": [
                    13.273716151508586,
                    1.2619020148479139,
                    1.947031391354021,
                    2.4863908541288695
                ],
                "motion_vectors_priors": [
                    0.42535971223021585,
                    0.3318345323741007,
                    0.15017985611510792,
                    0.09262589928057553
                ],
                "init_position_prior": 0.0
            },
            {
                "centroid": [
                    216.0,
                    432.0
                ],
                "x_limits": [
                    144,
                    288
                ],
                "y_limits": [
                    384,
                    480
                ],
                "motion_vectors": [
                    [
                        0.2916656908973258,
                        1.1762063576674393
                    ],
                    [
                        -0.6733983958092798,
                        0.5816644635760984
                    ],
                    [
                        0.30189673518059057,
                        0.4798555052766216
                    ],
                    [
                        -0.3741511341001908,
                        0.2471130856901753
                    ]
                ],
                "transition_matrix": [
                    [
                        0.4863975084603393,
                        0.2653310865819816,
                        0.16081997598713935,
                        0.08745142897053973
                    ],
                    [
                        0.48639196708392957,
                        0.2653382957711235,
                        0.16082277637302272,
                        0.08744696077192421
                    ],
                    [
                        0.4863949494425713,
                        0.26533771239055304,
                        0.1608229805314252,
                        0.08744435763545036
                    ],
                    [
                        0.48639675756703066,
                        0.26533809688101356,
                        0.1608216336423551,
                        0.08744351190960059
                    ]
                ],
                "motion_vectors_variance": [
                    2.3129753390089123,
                    1.3821061735713136,
                    1.7620709573776578,
                    2.1095896488108945
                ],
                "motion_vectors_priors": [
                    0.7119402985074627,
                    0.2253731343283582,
                    0.03880597014925373,
                    0.023880597014925373
                ],
                "init_position_prior": 0.10344827586206896
            }
        ],
        [
            {
                "centroid": [
                    360.0,
                    48.0
                ],
                "x_limits": [
                    288,
                    432
                ],
                "y_limits": [
                    0,
                    96
                ],
                "motion_vectors": [
                    [
                        1.2460492058004105,
                        -0.13002328282123443
                    ],
                    [
                        0.19338376695504297,
                        -0.001202662590796183
                    ],
                    [
                        -0.857125907831767,
                        -0.09212898110438762
                    ],
                    [
                        1.7563890444005998,
                        -0.1149353438147655
                    ]
                ],
                "transition_matrix": [
                    [
                        0.4839711590428398,
                        0.2654933502072301,
                        0.16258043498987151,
                        0.0879550557600586
                    ],
                    [
                        0.4839510796485046,
                        0.2655011606416804,
                        0.16259335799036115,
                        0.087954401719454
                    ],
                    [
                        0.4839501484559233,
                        0.26550073637911553,
                        0.1625962563988222,
                        0.08795285876613891
                    ],
                    [
                        0.4839504783838259,
                        0.2655011891845138,
                        0.16259596788114514,
                        0.08795236455051525
                    ]
                ],
                "motion_vectors_variance": [
                    1.3689166657506582,
                    2.0901273645062313,
                    1.3165974220165375,
                    1.5223697969481906
                ],
                "motion_vectors_priors": [
                    0.48201438848920863,
                    0.25467625899280577,
                    0.1985611510791367,
                    0.06474820143884892
                ],
                "init_position_prior": 0.06896551724137931
            },
            {
                "centroid": [
                    360.0,
                    144.0
                ],
                "x_limits": [
                    288,
                    432
                ],
                "y_limits": [
                    96,
                    192
                ],
                "motion_vectors": [
                    [
                        0.4725075258981236,
                        0.11338243719382113
                    ],
                    [
                        0.34182072518667994,
                        -0.14856730963815284
                    ],
                    [
                        2.8069559590320994,
                        -0.021868428612886737
                    ],
                    [
                        0.18678431164357168,
                        -0.22081899258692947
                    ]
                ],
                "transition_matrix": [
                    [
                        0.48396936910386135,
                        0.26549369073846685,
                        0.16258185797723254,
                        0.08795508218043918
                    ],
                    [
                        0.48395081695549097,
                        0.26550140177723897,
                        0.16259367253989987,
                        0.0879541087273702
                    ],
                    [
                        0.48395029489260505,
                        0.2655009497393467,
                        0.16259627427628456,
                        0.08795248109176373
                    ],
                    [
                        0.4839507906395857,
                        0.26550139135077305,
                        0.1625958653729856,
                        0.08795195263665567
                    ]
                ],
                "motion_vectors_variance": [
                    8.61211370626126,
                    1.9362078432761294,
                    1.924973176730936,
                    2.4098287534887493
                ],
                "motion_vectors_priors": [
                    0.4795613160518445,
                    0.3040877367896311,
                    0.19740777666999004,
                    0.018943170488534396
                ],
                "init_position_prior": 0.0
            },
            {
                "centroid": [
                    360.0,
                    240.0
                ],
                "x_limits": [
                    288,
                    432
                ],
                "y_limits": [
                    192,
                    288
                ],
                "motion_vectors": [
                    [
                        -0.09211820870264442,
                        0.17216872344593115
                    ],
                    [
                        -0.06283544291428178,
                        0.12264567022411424
                    ],
                    [
                        0.045083957786086204,
                        0.11370634493736637
                    ],
                    [
                        -0.025512481110077756,
                        0.10838801437622626
                    ]
                ],
                "transition_matrix": [
                    [
                        0.4839684092515615,
                        0.2654938920804591,
                        0.16258260446665565,
                        0.08795509420132383
                    ],
                    [
                        0.4839506816258366,
                        0.2655015492412437,
                        0.1625938208140898,
                        0.08795394831882987
                    ],
                    [
                        0.4839503804885478,
                        0.26550108237133907,
                        0.16259626232795069,
                        0.0879522748121624
                    ],
                    [
                        0.48395096769529344,
                        0.2655015178764322,
                        0.16259578705813912,
                        0.08795172737013522
                    ]
                ],
                "motion_vectors_variance": [
                    0.5593102370647588,
                    0.5696071542982469,
                    0.49910515263140687,
                    0.5443463499576369
                ],
                "motion_vectors_priors": [
                    0.5990453460620525,
                    0.20843277645186953,
                    0.17899761336515513,
                    0.013524264120922832
                ],
                "init_position_prior": 0.06896551724137931
            },
            {
                "centroid": [
                    360.0,
                    336.0
                ],
                "x_limits": [
                    288,
                    432
                ],
                "y_limits": [
                    288,
                    384
                ],
                "motion_vectors": [
                    [
                        -0.6693634403425418,
                        -0.6616318156763513
                    ],
                    [
                        0.009585725079316487,
                        -1.9972427673373563
                    ],
                    [
                        0.7746977421664101,
                        -4.406233277012919
                    ],
                    [
                        0.7250349499254226,
                        -2.784384118374648
                    ]
                ],
                "transition_matrix": [
                    [
                        0.4839670551758444,
                        0.26549398612231434,
                        0.1625835008872719,
                        0.08795545781456936
                    ],
                    [
                        0.48395023282250094,
                        0.2655015840310445,
                        0.16259405976303876,
                        0.08795412338341584
                    ],
                    [
                        0.4839501744584836,
                        0.26550110061458393,
                        0.1625963251124306,
                        0.08795239981450176
                    ],
                    [
                        0.48395086086663064,
                        0.265501529399201,
                        0.16259577778124942,
                        0.08795183195291904
                    ]
                ],
                "motion_vectors_variance": [
                    2.9434713716912233,
                    3.600704150302102,
                    1.096368271630129,
                    1.4976914593049844
                ],
                "motion_vectors_priors": [
                    0.5899632802937577,
                    0.23133414932680538,
                    0.1383108935128519,
                    0.04039167686658507
                ],
                "init_position_prior": 0.0
            },
            {
                "centroid": [
                    360.0,
                    432.0
                ],
                "x_limits": [
                    288,
                    432
                ],
                "y_limits": [
                    384,
                    480
                ],
                "motion_vectors": [
                    [
                        -0.3944240862280221,
                        -0.5101335629317141
                    ],
                    [
                        3.421712885938162,
                        0.26131865467430115
                    ],
                    [
                        0.6129627770804493,
                        -1.9592649435606861
                    ],
                    [
                        0.3650876761182441,
                        -0.11394549803052481
                    ]
                ],
                "transition_matrix": [
                    [
                        0.4839653878928235,
                        0.26549403630817303,
                        0.16258454509910514,
                        0.08795603069989835
                    ],
                    [
                        0.4839495847868143,
                        0.26550156687741805,
                        0.16259436425641977,
                        0.08795448407934778
                    ],
                    [
                        0.48394979983538666,
                        0.26550106509392163,
                        0.16259643120137812,
                        0.08795270386931363
                    ],
                    [
                        0.48395060173394827,
                        0.26550148615372643,
                        0.16259580004661434,
                        0.08795211206571096
                    ]
                ],
                "motion_vectors_variance": [
                    1.8869726726181726,
                    3.1074068019248045,
                    0.860015856306813,
                    21.855749282871923
                ],
                "motion_vectors_priors": [
                    0.5021097046413502,
                    0.4092827004219409,
                    0.04430379746835443,
                    0.04430379746835443
                ],
                "init_position_prior": 0.0
            }
        ],
        [
            {
                "centroid": [
                    504.0,
                    48.0
                ],
                "x_limits": [
                    432,
                    576
                ],
                "y_limits": [
                    0,
                    96
                ],
                "motion_vectors": [
                    [
                        0.8641139417155661,
                        0.25704238820125114
                    ],
                    [
                        -2.136280629993829,
                        -0.19256832628905995
                    ],
                    [
                        -7.476021866090735,
                        -0.5317908894821213
                    ],
                    [
                        -0.7148026515196808,
                        -0.48787515706803697
                    ]
                ],
                "transition_matrix": [
                    [
                        0.481534810519596,
                        0.2656541413062805,
                        0.1643455839380545,
                        0.08846546423606894
                    ],
                    [
                        0.48150383458194557,
                        0.26566231320162237,
                        0.16436597730524857,
                        0.08846787491118359
                    ],
                    [
                        0.4814999726025488,
                        0.26566197856497736,
                        0.16437085556325792,
                        0.08846719326921595
                    ],
                    [
                        0.48149923294485075,
                        0.26566247103496293,
                        0.16437132775245983,
                        0.0884669682677266
                    ]
                ],
                "motion_vectors_variance": [
                    21.477890611640735,
                    5.518164774805363,
                    1.728572533894058,
                    2.075328795143048
                ],
                "motion_vectors_priors": [
                    0.4246031746031746,
                    0.23412698412698413,
                    0.20634920634920634,
                    0.1349206349206349
                ],
                "init_position_prior": 0.034482758620689655
            },
            {
                "centroid": [
                    504.0,
                    144.0
                ],
                "x_limits": [
                    432,
                    576
                ],
                "y_limits": [
                    96,
                    192
                ],
                "motion_vectors": [
                    [
                        -1.1827761322143862,
                        0.5084667167034613
                    ],
                    [
                        -9.022167681707474,
                        -0.3411108810346074
                    ],
                    [
                        -0.8592072704847082,
                        0.011460715133522328
                    ],
                    [
                        -0.0017137598616297116,
                        -0.3598289472369186
                    ]
                ],
                "transition_matrix": [
                    [
                        0.4814721244056603,
                        0.26565841919021016,
                        0.1643910478070953,
                        0.08847840859703428
                    ],
                    [
                        0.4814420891191297,
                        0.2656665204233326,
                        0.16441074754453458,
                        0.08848064291300309
                    ],
                    [
                        0.481438478223987,
                        0.2656661661670661,
                        0.16441544001506916,
                        0.0884799155938777
                    ],
                    [
                        0.48143784120972216,
                        0.26566665094750846,
                        0.1644158373132114,
                        0.0884796705295579
                    ]
                ],
                "motion_vectors_variance": [
                    10.684611428946756,
                    10.409948310703914,
                    6.850210187045577,
