{
    "width": 720.0,
    "height": 480.0,
    "nr_nodes": 25,
    "side": 5,
    "x_interval": 144.0,
    "y_interval": 96.0,
    "nr_fields": 6,
    "grid_matrix": [
        [
            {
                "centroid": [
                    72.0,
                    48.0
                ],
                "x_limits": [
                    0,
                    144
                ],
                "y_limits": [
                    0,
                    96
                ],
                "motion_vectors": [
                    [
                        0.0,
                        0.0
                    ],
                    [
                        0.0,
                        0.0
                    ],
                    [
                        0.0,
                        0.0
                    ],
                    [
                        0.0,
                        0.0
                    ],
                    [
                        0.0,
                        0.0
                    ],
                    [
                        0.0,
                        0.0
                    ]
                ],
                "transition_matrix": [
                    [
                        0.36177321177794175,
                        0.21804501537666354,
                        0.14750506396382962,
                        0.11753451575893677,
                        0.09121580951614462,
                        0.06392638360648371
                    ],
                    [
                        0.36173035333476417,
                        0.21800121878182635,
                        0.14751674330174297,
                        0.11756506606905963,
                        0.09120023458141696,
                        0.0639863839311899
                    ],
                    [
                        0.3632079838546269,
                        0.21680623895124518,
                        0.1471138182142966,
                        0.11710317103423916,
                        0.09156327976955066,
                        0.06420550817604144
                    ],
                    [
                        0.3644833381501047,
                        0.2156315268663119,
                        0.14672825169486098,
                        0.1167503836602682,
                        0.0919754585638997,
                        0.06443104106455452
                    ],
                    [
                        0.36539192613403954,
                        0.21367922070478465,
                        0.1462644337107097,
                        0.11643694128214638,
                        0.09308515820701888,
                        0.065142319961301
                    ],
                    [
                        0.36540212770065394,
                        0.21194186537227028,
                        0.14591608657641192,
                        0.11630859298396581,
                        0.09427317906536041,
                        0.06615814830133745
                    ]
                ],
                "motion_vectors_variance": [
                    1.1684967330501599,
                    1.1685319970880275,
                    1.168518352277007,
                    1.1685188104222681,
                    1.1684821255170912,
                    1.1684811481300554
                ],
                "motion_vectors_priors": [
                    0.30385164051355207,
                    0.2211126961483595,
                    0.14978601997146934,
                    0.14265335235378032,
                    0.09700427960057062,
                    0.08559201141226819
                ],
                "init_position_prior": 0.10344827586206896
            },
            {
                "centroid": [
                    72.0,
                    144.0
                ],
                "x_limits": [
                    0,
                    144
                ],
                "y_limits": [
                    96,
                    192
                ],
                "motion_vectors": [
                    [
                        0.0,
                        0.0
                    ],
                    [
                        0.0,
                        0.0
                    ],
                    [
                        0.0,
                        0.0
                    ],
                    [
                        0.0,
                        0.0
                    ],
                    [
                        0.0,
                        0.0
                    ],
                    [
                        0.0,
                        0.0
                    ]
                ],
                "transition_matrix": [
                    [
                        0.36108245810701967,
                        0.2183705631184602,
                        0.1478008309756891,
                        0.1177702810484432,
                        0.09119797497967344,
                        0.06377789177071445
                    ],
                    [
                        0.36144408580115417,
                        0.21812648392797726,
                        0.147662849715934,
                        0.11766126663406368,
                        0.09119199410528032,
                        0.06391331981559067
                    ],
                    [
                        0.3633305764236208,
                        0.2167236196888238,
                        0.14712075576729441,
                        0.11705586550631171,
                        0.09158868886486282,
                        0.06418049374908653
                    ],
                    [
                        0.3647408947988634,
                        0.21548876372010622,
                        0.14668830535979857,
                        0.11666319516423188,
                        0.0920034995381234,
                        0.06441534141887655
                    ],
                    [
                        0.36567951007741967,
                        0.213504807340917,
                        0.14620839285562248,
                        0.11634121790241111,
                        0.09312776709427008,
                        0.0651383047293596
                    ],
                    [
                        0.3656658800038581,
                        0.21182494948861466,
                        0.14586824224595307,
                        0.11621732280419031,
                        0.09428509148511637,
                        0.06613851397226735
                    ]
                ],
                "motion_vectors_variance": [
                    1.1601463960242395,
                    1.1601153559963455,
                    1.1601341748800442,
                    1.1601386577899049,
                    1.160175894539171,
                    1.1601807158640756
                ],
                "motion_vectors_priors": [
                    0.2281303602058319,
                    0.2058319039451115,
                    0.1732418524871355,
                    0.1595197255574614,
                    0.12521440823327615,
                    0.10806174957118353
                ],
                "init_position_prior": 0.10344827586206896
            },
            {
                "centroid": [
                    72.0,
                    240.0
                ],
                "x_limits": [
                    0,
                    144
                ],
                "y_limits": [
                    192,
                    288
                ],
                "motion_vectors": [
                    [
                        0.0,
                        0.0
                    ],
                    [
                        0.0,
                        0.0
                    ],
                    [
                        0.0,
                        0.0
                    ],
                    [
                        0.0,
                        0.0
                    ],
                    [
                        0.0,
                        0.0
                    ],
                    [
                        0.0,
                        0.0
                    ]
                ],
                "transition_matrix": [
                    [
                        0.359284936992411,
                        0.21904180315765764,
                        0.14855858378576806,
                        0.11834949127828474,
                        0.09128948931624681,
                        0.0634756954696318
                    ],
                    [
                        0.36081378421952515,
                        0.2183262562630828,
                        0.14798461002968852,
                        0.11786202570961057,
                        0.09123247763685793,
                        0.06378084614123497
                    ],
                    [
                        0.36358059896827205,
                        0.2165310161851569,
                        0.14713407332899006,
                        0.11695210387464387,
                        0.09166179148336492,
                        0.06414041615957211
                    ],
                    [
                        0.36526722627921854,
                        0.21519572824520553,
                        0.14660428788211735,
                        0.11648007694775205,
                        0.09206464410177005,
                        0.06438803654393652
                    ],
                    [
                        0.3662651516524283,
                        0.21316551290128696,
                        0.14609427711075523,
                        0.1161452950410272,
                        0.09320400885808228,
                        0.06512575443642013
                    ],
                    [
                        0.36620952959325964,
                        0.21160633511935162,
                        0.1457706238559915,
                        0.11603048112436819,
                        0.09429375436506039,
                        0.06608927594196874
                    ]
                ],
                "motion_vectors_variance": [
                    1.723146890205357,
                    1.7231133059130508,
                    1.723406881872368,
                    1.7233828426230227,
                    1.723625998423378,
                    1.7233626486684746
                ],
                "motion_vectors_priors": [
                    0.3924050632911392,
                    0.2199367088607595,
                    0.11234177215189874,
                    0.1060126582278481,
                    0.10126582278481013,
                    0.0680379746835443
                ],
                "init_position_prior": 0.0
            },
            {
                "centroid": [
                    72.0,
                    336.0
                ],
                "x_limits": [
                    0,
                    144
                ],
                "y_limits": [
                    288,
                    384
                ],
                "motion_vectors": [
                    [
                        0.0,
                        0.0
                    ],
                    [
                        0.0,
                        0.0
                    ],
                    [
                        0.0,
                        0.0
                    ],
                    [
                        0.0,
                        0.0
                    ],
                    [
                        0.0,
                        0.0
                    ],
                    [
                        0.0,
                        0.0
                    ]
                ],
                "transition_matrix": [
                    [
                        0.35617844533709864,
                        0.21968678386078486,
                        0.14982765495601,
                        0.11923114801696533,
                        0.09186516021691926,
                        0.06321080761222196
                    ],
                    [
                        0.3599625242835425,
                        0.21840843302853605,
                        0.1483966831246394,
                        0.11808946030567048,
                        0.09144312529588662,
                        0.06369977396172491
                    ],
                    [
                        0.36381171518086486,
                        0.2162704609151783,
                        0.14715381082954512,
                        0.11683289660069107,
                        0.09179980986495824,
                        0.06413130660876229
                    ],
                    [
                        0.3658129838031683,
                        0.21486831041807566,
                        0.14651497925248277,
                        0.1162831304537323,
                        0.09214765086639337,
                        0.06437294520614763
                    ],
                    [
                        0.36687883835946716,
                        0.21282235281156453,
                        0.14597643141735722,
                        0.11594458412682516,
                        0.09327165942688272,
                        0.06510613385790326
                    ],
                    [
                        0.3667982815616047,
                        0.21140391240922077,
                        0.14566763673641514,
                        0.11583642695913128,
                        0.09427472364961947,
                        0.06601901868400874
                    ]
                ],
                "motion_vectors_variance": [
                    2.1176143714126083,
                    2.1175425039609204,
                    2.1175957153323526,
                    2.117577661019796,
                    2.1176791403302277,
                    2.1176403110588065
                ],
                "motion_vectors_priors": [
                    0.4658040665434381,
                    0.1866913123844732,
                    0.13493530499075784,
                    0.09426987060998152,
                    0.08317929759704251,
                    0.03512014787430684
                ],
                "init_position_prior": 0.06896551724137931
            },
            {
                "centroid": [
                    72.0,
                    432.0
                ],
                "x_limits": [
                    0,
                    144
                ],
                "y_limits": [
                    384,
                    480
                ],
                "motion_vectors": [
                    [
                        0.0,
                        0.0
                    ],
                    [
                        0.0,
                        0.0
                    ],
                    [
                        0.0,
                        0.0
                    ],
                    [
                        0.0,
                        0.0
                    ],
                    [
                        0.0,
                        0.0
                    ],
                    [
                        0.0,
                        0.0
                    ]
                ],
                "transition_matrix": [
                    [
                        0.35420417441342683,
                        0.2200106344071524,
                        0.15062850792590704,
                        0.11977517190365182,
                        0.09229813059496414,
                        0.06308338075489772
                    ],
                    [
                        0.35949737097088935,
                        0.21841384798640004,
                        0.14862201260649277,
                        0.11820808837141754,
                        0.09158861377681128,
                        0.06367006628798919
                    ],
                    [
                        0.363928863946512,
                        0.21612465048196386,
                        0.14716346282180393,
                        0.11676834013700318,
                        0.09188187094411696,
                        0.06413281166859998
                    ],
                    [
                        0.3660911196563289,
                        0.21470072890991695,
                        0.14646823288584707,
                        0.11618020089353735,
                        0.09219197509026375,
                        0.06436774256410585
                    ],
                    [
                        0.3671905501726434,
                        0.21265608197625582,
                        0.14591657578797337,
                        0.11584213150744775,
                        0.09330070154821178,
                        0.06509395900746792
                    ],
                    [
                        0.3671006773937703,
                        0.21131062034677042,
                        0.1456152049362994,
                        0.11573730635580391,
                        0.09425740660439919,
                        0.06597878436295666
                    ]
                ],
                "motion_vectors_variance": [
                    1.1162846314137385,
                    1.116229340630592,
                    1.1164155660178186,
                    1.1164103128863665,
                    1.116573439943996,
                    1.1164301314009903
                ],
                "motion_vectors_priors": [
                    0.4664082687338501,
                    0.22739018087855298,
                    0.16149870801033592,
                    0.06330749354005168,
                    0.05426356589147287,
                    0.027131782945736434
                ],
                "init_position_prior": 0.0
            }
        ],
        [
            {
                "centroid": [
                    216.0,
                    48.0
                ],
                "x_limits": [
                    144,
                    288
                ],
                "y_limits": [
                    0,
                    96
                ],
                "motion_vectors": [
                    [
                        0.0,
                        0.0
                    ],
                    [
                        0.0,
                        0.0
                    ],
                    [
                        0.0,
                        0.0
                    ],
                    [
                        0.0,
                        0.0
                    ],
                    [
                        0.0,
                        0.0
                    ],
                    [
                        0.0,
                        0.0
                    ]
                ],
                "transition_matrix": [
                    [
                        0.363337513928224,
                        0.2170867681786153,
                        0.14699403400188657,
                        0.11700949604866002,
                        0.09141218113058437,
                        0.06416000671202975
                    ],
                    [
                        0.3630734421570445,
                        0.21734433534330397,
                        0.14707807097274062,
                        0.11708823659790561,
                        0.09134756131240547,
                        0.06406835361659972
                    ],
                    [
                        0.3621909093624835,
                        0.21810646211480633,
                        0.14732061546352074,
                        0.11737585029508006,
                        0.09108338913749614,
                        0.06392277362661314
                    ],
                    [
                        0.36163731811261957,
                        0.21873265267831576,
                        0.1474810358348934,
                        0.11753544407792574,
                        0.09082088809757305,
                        0.06379266119867257
                    ],
                    [
                        0.3614795848149122,
                        0.21982303029281713,
                        0.14759164576192033,
                        0.11755846351222247,
                        0.09015127558525411,
                        0.06339600003287373
                    ],
                    [
                        0.3632240563147482,
                        0.22198416138728666,
                        0.1473178424127865,
                        0.11675947523229979,
                        0.08849498526507477,
                        0.06221947938780404
                    ]
                ],
                "motion_vectors_variance": [
                    0.3719273269893366,
                    0.3719494007983609,
                    0.3719720091902798,
                    0.37196892604427134,
                    0.3719631874623483,
                    0.3719237603025549
                ],
                "motion_vectors_priors": [
                    0.4027093596059113,
                    0.16748768472906403,
                    0.13177339901477833,
                    0.12192118226600986,
                    0.11576354679802955,
                    0.0603448275862069
                ],
                "init_position_prior": 0.10344827586206896
            },
            {
                "centroid": [
                    216.0,
                    144.0
                ],
                "x_limits": [
                    144,
                    288
                ],
                "y_limits": [
                    96,
                    192
                ],
                "motion_vectors": [
                    [
                        0.0,
                        0.0
                    ],
                    [
                        0.0,
                        0.0
                    ],
                    [
                        0.0,
                        0.0
                    ],
                    [
                        0.0,
                        0.0
                    ],
                    [
                        0.0,
                        0.0
                    ],
                    [
                        0.0,
                        0.0
                    ]
                ],
                "transition_matrix": [
                    [
                        0.3630103066290526,
                        0.21771168906422447,
                        0.14710153694642883,
                        0.11709098352569584,
                        0.09111494700514237,
                        0.06397053682945571
                    ],
                    [
                        0.3628508454361674,
                        0.21787117053619498,
                        0.14714962719026214,
                        0.11714015794529616,
                        0.09107113072054379,
                        0.06391706817153549
                    ],
                    [
                        0.3622794478868797,
                        0.21836970788283538,
                        0.14730412837729037,
                        0.11733367053400294,
                        0.09089127017378724,
                        0.06382177514520415
                    ],
                    [
                        0.3618966866080265,
                        0.2188636093183403,
                        0.14741460742809606,
                        0.11744575260674564,
                        0.09066903224708295,
                        0.06371031179170855
                    ],
                    [
                        0.3618909850305701,
                        0.21988190478546127,
                        0.1474744801166089,
                        0.11739974547699619,
                        0.0900283022154424,
                        0.06332458237492128
                    ],
                    [
                        0.3638589160978859,
                        0.2222116456048733,
                        0.14716304578304235,
                        0.11648171956583753,
                        0.0882387845821584,
                        0.06204588836620247
                    ]
                ],
                "motion_vectors_variance": [
                    1.231196677648853,
                    1.2354413913540934,
                    1.2420732117107631,
                    1.2425140585056171,
                    1.2394144059871992,
                    1.2290909355858601
                ],
                "motion_vectors_priors": [
                    0.39501779359430605,
                    0.2918149466192171,
                    0.15658362989323843,
                    0.09252669039145907,
                    0.03558718861209965,
                    0.028469750889679714
                ],
                "init_position_prior": 0.0
            },
            {
                "centroid": [
                    216.0,
                    240.0
                ],
                "x_limits": [
                    144,
                    288
                ],
                "y_limits": [
                    192,
                    288
                ],
                "motion_vectors": [
                    [
                        0.0,
                        0.0
                    ],
                    [
                        0.0,
                        0.0
                    ],
                    [
                        0.0,
                        0.0
                    ],
                    [
                        0.0,
                        0.0
                    ],
                    [
                        0.0,
                        0.0
                    ],
                    [
                        0.0,
                        0.0
                    ]
                ],
                "transition_matrix": [
                    [
                        0.36231786127984283,
                        0.21902281301898732,
                        0.14732394061543877,
                        0.11726360784176423,
                        0.09049281683962708,
                        0.06357896040433979
                    ],
                    [
                        0.3623903325874386,
                        0.21891285977176206,
                        0.14728414251780095,
                        0.11724937738463422,
                        0.09052878730480197,
                        0.06363450043356222
                    ],
                    [
                        0.36237759922560037,
                        0.21895779654249528,
                        0.14727249024812428,
                        0.11726909437319717,
                        0.09048951366286043,
                        0.06363350594772252
                    ],
                    [
                        0.36230958496755733,
                        0.21928613988723505,
                        0.14729283817837774,
                        0.11728414172159991,
                        0.09029614201156426,
                        0.06353115323366562
                    ],
                    [
                        0.36268785673423787,
                        0.22030580366667682,
                        0.14724972568421163,
                        0.11706205407516228,
                        0.08960573993761232,
                        0.06308881990209907
                    ],
                    [
                        0.3653139976271931,
                        0.22305756722792056,
                        0.14683553792440143,
                        0.11582514553354636,
                        0.08745363989583371,
                        0.061514111791104845
                    ]
                ],
                "motion_vectors_variance": [
                    0.40566276205859286,
                    0.40558247624629123,
                    0.40567047258860184,
                    0.40567764223192515,
                    0.4057927720435956,
                    0.4057538318537064
                ],
                "motion_vectors_priors": [
                    0.46861404599129897,
                    0.21379738968303294,
                    0.15910503418272218,
                    0.10130515848353014,
                    0.04599129894344313,
                    0.011187072715972654
                ],
                "init_position_prior": 0.034482758620689655
            },
            {
                "centroid": [
                    216.0,
                    336.0
                ],
                "x_limits": [
                    144,
                    288
                ],
                "y_limits": [
                    288,
                    384
                ],
                "motion_vectors": [
                    [
                        0.0,
                        0.0
                    ],
                    [
                        0.0,
                        0.0
                    ],
                    [
                        0.0,
                        0.0
                    ],
                    [
                        0.0,
                        0.0
                    ],
                    [
                        0.0,
                        0.0
                    ],
                    [
                        0.0,
                        0.0
                    ]
                ],
                "transition_matrix": [
                    [
                        0.3618569702712733,
                        0.21953568668775086,
                        0.14746435568962662,
                        0.11738085839487279,
                        0.09030907025253608,
                        0.06345305870394034
                    ],
                    [
                        0.36200747128800864,
                        0.21948035729885873,
                        0.14737074449691007,
                        0.11734995767727253,
                        0.09026800732319644,
                        0.06352346191575374
                    ],
                    [
                        0.3622190249998643,
                        0.21953870883618118,
                        0.14728638020938276,
                        0.11729436991770087,
                        0.09015757793265541,
                        0.06350393810421558
                    ],
                    [
                        0.3623871210368776,
                        0.21995973533141658,
                        0.14725058279380068,
                        0.11721761912598115,
                        0.0898546276878793,
                        0.06333031402404464
                    ],
                    [
                        0.36330300847189073,
                        0.22124566118335798,
                        0.14710000996855335,
                        0.11675139461717704,
                        0.08891173727671721,
                        0.06268818848230368
                    ],
                    [
                        0.36692355724657827,
                        0.2244745245387117,
                        0.14652705563536236,
                        0.11507450053059258,
                        0.0862901216965571,
                        0.06071024035219775
                    ]
                ],
                "motion_vectors_variance": [
                    1.3368646270534643,
                    1.336790379136691,
                    1.3369272274478723,
                    1.336927340740322,
                    1.3370787745165027,
                    1.3369821150902994
                ],
                "motion_vectors_priors": [
                    0.4244604316546763,
                    0.3300359712230216,
                    0.08812949640287769,
                    0.06474820143884892,
                    0.05575539568345324,
                    0.0368705035971223
                ],
                "init_position_prior": 0.0
            },
            {
                "centroid": [
                    216.0,
                    432.0
                ],
                "x_limits": [
                    144,
                    288
                ],
                "y_limits": [
                    384,
                    480
                ],
                "motion_vectors": [
                    [
                        0.0,
                        0.0
                    ],
                    [
                        0.0,
                        0.0
                    ],
                    [
                        0.0,
                        0.0
                    ],
                    [
                        0.0,
                        0.0
                    ],
                    [
                        0.0,
                        0.0
                    ],
                    [
                        0.0,
                        0.0
                    ]
                ],
                "transition_matrix": [
                    [
                        0.36125648459769166,
                        0.21993603699861058,
                        0.14762989586234349,
                        0.11753562400766053,
                        0.090240228395113,
                        0.06340173013858089
                    ],
                    [
                        0.36168618067579456,
                        0.21983920963604178,
                        0.1474221348068289,
                        0.11743847628442225,
                        0.09012249905512162,
                        0.06349149954179087
                    ],
                    [
                        0.36202498907811753,
                        0.21996627066623115,
                        0.14730091335632925,
                        0.11733609814238406,
                        0.08993450937691094,
                        0.06343721938002708
                    ],
                    [
                        0.3623366437873792,
                        0.22049023280837113,
                        0.1472383382714717,
                        0.11719671749309477,
                        0.08953869044734705,
                        0.06319937719233626
                    ],
                    [
                        0.3636206484535295,
                        0.2219798871002568,
                        0.14702595280311742,
                        0.11656742853010026,
                        0.08840502276377622,
                        0.062401060349219925
                    ],
                    [
                        0.3678792426842342,
                        0.2254526867032261,
                        0.14635475570888865,
                        0.11462013120009816,
                        0.08551588963810669,
                        0.06017729406544618
                    ]
                ],
                "motion_vectors_variance": [
                    0.8533323981868525,
                    0.8532652520354617,
                    0.8529086938894375,
                    0.8528984601739413,
                    0.852841765478057,
                    0.853292100081566
                ],
                "motion_vectors_priors": [
                    0.48656716417910445,
                    0.21940298507462686,
                    0.16119402985074627,
                    0.07164179104477612,
                    0.03731343283582089,
                    0.023880597014925373
                ],
                "init_position_prior": 0.10344827586206896
            }
        ],
        [
            {
                "centroid": [
                    360.0,
                    48.0
                ],
                "x_limits": [
                    288,
                    432
                ],
                "y_limits": [
                    0,
                    96
                ],
                "motion_vectors": [
                    [
                        0.0,
                        0.0
                    ],
                    [
                        0.0,
                        0.0
                    ],
                    [
                        0.0,
                        0.0
                    ],
                    [
                        0.0,
                        0.0
                    ],
                    [
                        0.0,
                        0.0
                    ],
                    [
                        0.0,
                        0.0
                    ]
                ],
                "transition_matrix": [
                    [
                        0.3594388380385453,
                        0.21706781433878686,
                        0.1496186139722752,
                        0.11935638242661009,
                        0.09195379949081421,
                        0.06256455173296835
                    ],
                    [
                        0.35460347074962223,
                        0.21728762556066625,
                        0.15227393786270682,
                        0.12196286788321961,
                        0.09265295580731475,
                        0.06121914213647028
                    ],
                    [
                        0.3518986753506599,
                        0.2186953616986279,
                        0.1529062833851489,
                        0.12187117550128253,
                        0.09315429724161513,
                        0.06147420682266561
                    ],
                    [
                        0.35265221654610357,
                        0.22039935678914596,
                        0.15135772464185765,
                        0.11941620461203074,
                        0.09311598526239784,
                        0.06305851214846413
                    ],
                    [
                        0.354912936848983,
                        0.22197202446257946,
                        0.14944903824810848,
                        0.11669830456224399,
                        0.09248206076589975,
                        0.06448563511218514
                    ],
                    [
                        0.36019233750229956,
                        0.22403011414581933,
                        0.14607526355127426,
                        0.11227235554301424,
                        0.09113263167877997,
                        0.06629729757881259
                    ]
                ],
                "motion_vectors_variance": [
                    1.3478744464825623,
                    1.3479074363570185,
                    1.3478324696822708,
                    1.3477812756789769,
                    1.3478718445717972,
                    1.3479622980133479
                ],
                "motion_vectors_priors": [
                    0.31366906474820144,
                    0.27482014388489207,
                    0.17410071942446043,
                    0.17266187050359713,
                    0.04028776978417266,
                    0.02446043165467626
                ],
                "init_position_prior": 0.06896551724137931
            },
            {
                "centroid": [
                    360.0,
                    144.0
                ],
                "x_limits": [
                    288,
                    432
                ],
                "y_limits": [
                    96,
                    192
                ],
                "motion_vectors": [
