{
    "width": 720.0,
    "height": 480.0,
    "nr_nodes": 16,
    "side": 4,
    "x_interval": 180.0,
    "y_interval": 120.0,
    "nr_fields": 6,
    "grid_matrix": [
        [
            {
                "centroid": [
                    90.0,
                    60.0
                ],
                "x_limits": [
                    0,
                    180
                ],
                "y_limits": [
                    0,
                    120
                ],
                "motion_vectors": [
                    [
                        0.0,
                        0.0
                    ],
                    [
                        0.0,
                        0.0
                    ],
                    [
                        0.0,
                        0.0
                    ],
                    [
                        0.0,
                        0.0
                    ],
                    [
                        0.0,
                        0.0
                    ],
                    [
                        0.0,
                        0.0
                    ]
                ],
                "transition_matrix": [
                    [
                        0.44334715183994144,
                        0.23683559847457947,
                        0.13872675187154954,
                        0.09974255975530708,
                        0.048612167462970014,
                        0.03273577059565249
                    ],
                    [
                        0.4279889220959636,
                        0.2453321918944094,
                        0.14034797824435521,
                        0.10054834557981722,
                        0.05173360434905266,
                        0.03404895783640184
                    ],
                    [
                        0.39919731370519645,
                        0.25983646574039354,
                        0.14467083607668052,
                        0.10233613272208772,
                        0.057439128437222035,
                        0.036520123318419674
                    ],
                    [
                        0.38502190583312734,
                        0.2677518879235149,
                        0.14437108153308773,
                        0.10202508220150411,
                        0.06192930582360553,
                        0.03890073668516032
                    ],
                    [
                        0.3735690889784516,
                        0.2783460021254755,
                        0.1419542565727398,
                        0.09976358138348827,
                        0.0653430820516115,
                        0.04102398888823357
                    ],
                    [
                        0.37277424556800864,
                        0.28173099308957605,
                        0.14127405219588582,
                        0.0986594078599625,
                        0.06493784664877202,
                        0.04062345463779503
                    ]
                ],
                "motion_vectors_variance": [
                    1.1010828335407803,
                    1.10070686640814,
                    1.1008667640906953,
                    1.1008954913791607,
                    1.1005532610211626,
                    1.1006421233915737
                ],
                "motion_vectors_priors": [
                    0.22829006266786034,
                    0.19247985675917637,
                    0.18263205013428827,
                    0.153088630259624,
                    0.13249776186213072,
                    0.11101163831692032
                ],
                "init_position_prior": 0.13793103448275862
            },
            {
                "centroid": [
                    90.0,
                    180.0
                ],
                "x_limits": [
                    0,
                    180
                ],
                "y_limits": [
                    120,
                    240
                ],
                "motion_vectors": [
                    [
                        0.0,
                        0.0
                    ],
                    [
                        0.0,
                        0.0
                    ],
                    [
                        0.0,
                        0.0
                    ],
                    [
                        0.0,
                        0.0
                    ],
                    [
                        0.0,
                        0.0
                    ],
                    [
                        0.0,
                        0.0
                    ]
                ],
                "transition_matrix": [
                    [
                        0.4434632932990854,
                        0.23648398391978773,
                        0.13862514736170345,
                        0.09980589772053852,
                        0.0487740044387432,
                        0.032847673260141624
                    ],
                    [
                        0.4272731039914793,
                        0.24549049800472483,
                        0.14041284998653317,
                        0.10067033835138896,
                        0.051975786996726316,
                        0.034177422669147396
                    ],
                    [
                        0.3982114783120513,
                        0.26020305557075896,
                        0.14487513709418537,
                        0.10247514548249279,
                        0.05762689989381774,
                        0.036608283646693884
                    ],
                    [
                        0.384362470082653,
                        0.268065781155703,
                        0.14448278369021159,
                        0.1020879242901524,
                        0.06203981280783456,
                        0.038961227973445506
                    ],
                    [
                        0.37344313646873323,
                        0.27850923598778465,
                        0.14194468667933766,
                        0.09973838871126565,
                        0.0653341029421639,
                        0.04103044921071481
                    ],
                    [
                        0.37277039410571194,
                        0.28181710344592853,
                        0.1412612940417874,
                        0.09863379147483352,
                        0.06490652039366392,
                        0.040610896538074745
                    ]
                ],
                "motion_vectors_variance": [
                    1.031366195001086,
                    1.0313567990888362,
                    1.031370580326015,
                    1.0313956440717598,
                    1.031433778098929,
                    1.0314405392973671
                ],
                "motion_vectors_priors": [
                    0.410337552742616,
                    0.24578059071729957,
                    0.14662447257383968,
                    0.10337552742616034,
                    0.06540084388185655,
                    0.028481012658227847
                ],
                "init_position_prior": 0.13793103448275862
            },
            {
                "centroid": [
                    90.0,
                    300.0
                ],
                "x_limits": [
                    0,
                    180
                ],
                "y_limits": [
                    240,
                    360
                ],
                "motion_vectors": [
                    [
                        0.0,
                        0.0
                    ],
                    [
                        0.0,
                        0.0
                    ],
                    [
                        0.0,
                        0.0
                    ],
                    [
                        0.0,
                        0.0
                    ],
                    [
                        0.0,
                        0.0
                    ],
                    [
                        0.0,
                        0.0
                    ]
                ],
                "transition_matrix": [
                    [
                        0.444352605466491,
                        0.23545633965111917,
                        0.13838238065578765,
                        0.09992160311991466,
                        0.04889039195367849,
                        0.032996679153008905
                    ],
                    [
                        0.4265212009192145,
                        0.24554515323274378,
                        0.1404749294234339,
                        0.10085068035040361,
                        0.05226167271624422,
                        0.03434636335795987
                    ],
                    [
                        0.39684969399368086,
                        0.2607119250275994,
                        0.14516176238312542,
                        0.10266987887200031,
                        0.057877961709870175,
                        0.036728778013723866
                    ],
                    [
                        0.3834340951182722,
                        0.2685155065455348,
                        0.14463708345968174,
                        0.10217236192186589,
                        0.062194379738155774,
                        0.03904657321648974
                    ],
                    [
                        0.37324939708184524,
                        0.27874153877716956,
                        0.1419339125824669,
                        0.09970439384386047,
                        0.06532882986896718,
                        0.04104192784569057
                    ],
                    [
                        0.37274111361341683,
                        0.2819390121603427,
                        0.14124585040278337,
                        0.098601394583639,
                        0.064873730813264,
                        0.04059889842655402
                    ]
                ],
                "motion_vectors_variance": [
                    1.1657215299865917,
                    1.1663636475778207,
                    1.1661079925513338,
                    1.1660809277136852,
                    1.1667004178123628,
                    1.166543076199486
                ],
                "motion_vectors_priors": [
                    0.43732274532047644,
                    0.34429948950652295,
                    0.09245604083947816,
                    0.08054452637549632,
                    0.02949517867271696,
                    0.01588201928530913
                ],
                "init_position_prior": 0.034482758620689655
            },
            {
                "centroid": [
                    90.0,
                    420.0
                ],
                "x_limits": [
                    0,
                    180
                ],
                "y_limits": [
                    360,
                    480
                ],
                "motion_vectors": [
                    [
                        0.0,
                        0.0
                    ],
                    [
                        0.0,
                        0.0
                    ],
                    [
                        0.0,
                        0.0
                    ],
                    [
                        0.0,
                        0.0
                    ],
                    [
                        0.0,
                        0.0
                    ],
                    [
                        0.0,
                        0.0
                    ]
                ],
                "transition_matrix": [
                    [
                        0.44264211964001376,
                        0.23541278762812715,
                        0.13825022825322222,
                        0.10023733687435721,
                        0.04986365849681219,
                        0.03359386910746761
                    ],
                    [
                        0.4248416765810739,
                        0.24598392221153528,
                        0.1406452690335442,
                        0.10111551396033866,
                        0.052780554338091895,
                        0.03463306387541612
                    ],
                    [
                        0.3955716241443337,
                        0.2611465613677305,
                        0.14545609421328387,
                        0.10288005849614695,
                        0.05810430267327151,
                        0.03684135910523333
                    ],
                    [
                        0.38269807393916866,
                        0.268851711162115,
                        0.1447922204594408,
                        0.10226346622242462,
                        0.06228920144254639,
                        0.039105326774304505
                    ],
                    [
                        0.37315548830550266,
                        0.27892141300535067,
                        0.1419213848966883,
                        0.09967240207287163,
                        0.06528962272849534,
                        0.04103968899109136
                    ],
                    [
                        0.37275171731353557,
                        0.2820368856721648,
                        0.14122967036931106,
                        0.09857159209412758,
                        0.06482726038734814,
                        0.04058287416351297
                    ]
                ],
                "motion_vectors_variance": [
                    0.8358628932523794,
                    0.8355287403032183,
                    0.8356448594090201,
                    0.8356320105594123,
                    0.8352589942897587,
                    0.8353507183726483
                ],
                "motion_vectors_priors": [
                    0.3789173789173789,
                    0.36253561253561256,
                    0.1581196581196581,
                    0.05128205128205128,
                    0.037037037037037035,
                    0.012108262108262107
                ],
                "init_position_prior": 0.06896551724137931
            }
        ],
        [
            {
                "centroid": [
                    270.0,
                    60.0
                ],
                "x_limits": [
                    180,
                    360
                ],
                "y_limits": [
                    0,
                    120
                ],
                "motion_vectors": [
                    [
                        0.0,
                        0.0
                    ],
                    [
                        0.0,
                        0.0
                    ],
                    [
                        0.0,
                        0.0
                    ],
                    [
                        0.0,
                        0.0
                    ],
                    [
                        0.0,
                        0.0
                    ],
                    [
                        0.0,
                        0.0
                    ]
                ],
                "transition_matrix": [
                    [
                        0.4049784205141146,
                        0.2579126843236374,
                        0.14227761480840376,
                        0.10106865903575887,
                        0.057184638051782304,
                        0.036577983266302884
                    ],
                    [
                        0.4195094181810778,
                        0.24935867128912334,
                        0.14121263373565276,
                        0.10076615304120747,
                        0.05385612778136368,
                        0.03529699597157511
                    ],
                    [
                        0.4460026636056377,
                        0.2352661463979096,
                        0.13798904263258646,
                        0.09967257671283054,
                        0.04827318710227595,
                        0.03279638354875977
                    ],
                    [
                        0.45979192974791316,
                        0.22804864445898212,
                        0.1379867075139708,
                        0.0995645319514071,
                        0.04408425187521802,
                        0.030523934452508714
                    ],
                    [
                        0.4769571186186336,
                        0.2209806809836889,
                        0.13663602369333458,
                        0.09832433048503425,
                        0.03910241015257397,
                        0.0279994360667346
                    ],
                    [
                        0.48232728327152763,
                        0.2196032224795923,
                        0.13564635485957172,
                        0.09755837400344752,
                        0.03753677509577471,
                        0.027327990290086014
                    ]
                ],
                "motion_vectors_variance": [
                    0.868555828256837,
                    0.8681976112680505,
                    0.8683314766551083,
                    0.8683528875049541,
                    0.8679941977812355,
                    0.8681098149087004
                ],
                "motion_vectors_priors": [
                    0.34354194407456723,
                    0.23635153129161118,
                    0.22303595206391477,
                    0.14314247669773636,
                    0.035286284953395475,
                    0.018641810918774968
                ],
                "init_position_prior": 0.10344827586206896
            },
            {
                "centroid": [
                    270.0,
                    180.0
                ],
                "x_limits": [
                    180,
                    360
                ],
                "y_limits": [
                    120,
                    240
                ],
                "motion_vectors": [
                    [
                        0.0,
                        0.0
                    ],
                    [
                        0.0,
                        0.0
                    ],
                    [
                        0.0,
                        0.0
                    ],
                    [
                        0.0,
                        0.0
                    ],
                    [
                        0.0,
                        0.0
                    ],
                    [
                        0.0,
                        0.0
                    ]
                ],
                "transition_matrix": [
                    [
                        0.40793137222360837,
                        0.25615092606812195,
                        0.14206747812882087,
                        0.10104893486952748,
                        0.056508476425583244,
                        0.03629281228433811
                    ],
                    [
                        0.4207071783093447,
                        0.24851641418873993,
                        0.1412271696444516,
                        0.10085420427344778,
                        0.053530025314261286,
                        0.03516500826975471
                    ],
                    [
                        0.44641563110752336,
                        0.23490375284975556,
                        0.13810897143525355,
                        0.09977561593616943,
                        0.04808348973645588,
                        0.03271253893484222
                    ],
                    [
                        0.460098502497273,
                        0.22786177579986996,
                        0.13804518347840342,
                        0.09960143594270333,
                        0.04393307856951214,
                        0.030460023712238198
                    ],
                    [
                        0.4771762193860363,
                        0.22096040658701183,
                        0.13659893093679795,
                        0.09828283272376932,
                        0.03901553504788186,
                        0.02796607531850267
                    ],
                    [
                        0.4824588068694596,
                        0.219600859755807,
                        0.13561858131194093,
                        0.09752753653176728,
                        0.03748698362822028,
                        0.02730723190280488
                    ]
                ],
                "motion_vectors_variance": [
                    1.2952517094980436,
                    1.2957136276654313,
                    1.2955311021262608,
                    1.2954988370819591,
                    1.2959630959913226,
                    1.2958080600193638
                ],
                "motion_vectors_priors": [
                    0.43649258542875563,
                    0.24500322372662797,
                    0.13926499032882012,
                    0.11605415860735009,
                    0.03288201160541586,
                    0.030303030303030304
                ],
                "init_position_prior": 0.06896551724137931
            },
            {
                "centroid": [
                    270.0,
                    300.0
                ],
                "x_limits": [
                    180,
                    360
                ],
                "y_limits": [
                    240,
                    360
                ],
                "motion_vectors": [
                    [
                        0.0,
                        0.0
                    ],
                    [
                        0.0,
                        0.0
                    ],
                    [
                        0.0,
                        0.0
                    ],
                    [
                        0.0,
                        0.0
                    ],
                    [
                        0.0,
                        0.0
                    ],
                    [
                        0.0,
                        0.0
                    ]
                ],
                "transition_matrix": [
                    [
                        0.41668512163220256,
                        0.25090290302171436,
                        0.14143069343417974,
                        0.10099567897688345,
                        0.054523297587796775,
                        0.03546230534722309
                    ],
                    [
                        0.42326297622453857,
                        0.24671500158287624,
                        0.14125315233466942,
                        0.10104229745659395,
                        0.05283955281773981,
                        0.03488701958358191
                    ],
                    [
                        0.44715007745304786,
                        0.2342531344350803,
                        0.13832750251741155,
                        0.09996332590263621,
                        0.04774344698151777,
                        0.03256251271030636
                    ],
                    [
                        0.46061891386937903,
                        0.22754303497308606,
                        0.13814765201796247,
                        0.09966608226243577,
                        0.04367365639616101,
                        0.03035066048097576
                    ],
                    [
                        0.4775400395248274,
                        0.2209290228581935,
                        0.13653668462209842,
                        0.09821296476910288,
                        0.038870682862802895,
                        0.027910605362974798
                    ],
                    [
                        0.4826764105948716,
                        0.21959817625199005,
                        0.13557223217430275,
                        0.09747593940846046,
                        0.03740441161848013,
                        0.027272829951895082
                    ]
                ],
                "motion_vectors_variance": [
                    0.7596913613551486,
                    0.7609351971653882,
                    0.7604346311674136,
                    0.7603949335049781,
                    0.7618226553148718,
                    0.761363215057631
                ],
                "motion_vectors_priors": [
                    0.6345108695652174,
                    0.1983695652173913,
                    0.06317934782608696,
                    0.059782608695652176,
                    0.028532608695652172,
                    0.015625
                ],
                "init_position_prior": 0.0
            },
            {
                "centroid": [
                    270.0,
                    420.0
                ],
                "x_limits": [
                    180,
                    360
                ],
                "y_limits": [
                    360,
                    480
                ],
                "motion_vectors": [
                    [
                        0.0,
                        0.0
                    ],
                    [
                        0.0,
                        0.0
                    ],
                    [
                        0.0,
                        0.0
                    ],
                    [
                        0.0,
                        0.0
                    ],
                    [
                        0.0,
                        0.0
                    ],
                    [
                        0.0,
                        0.0
                    ]
                ],
                "transition_matrix": [
                    [
                        0.41807402893156287,
                        0.2498876085972589,
                        0.14136037302952784,
                        0.10107088663229916,
                        0.05423688533883044,
                        0.035370217470520875
                    ],
                    [
                        0.4240520264838992,
                        0.24606810767375834,
                        0.14129664349463275,
                        0.10114355884595937,
                        0.05262514278541488,
                        0.034814520716335375
                    ],
                    [
                        0.44774093960045525,
                        0.2338245689922634,
                        0.1383834537132255,
                        0.1000300667508002,
                        0.04754395224035811,
                        0.03247701870289758
                    ],
                    [
                        0.46108964443158557,
                        0.2272796977851037,
                        0.13816956513983225,
                        0.09968349348433414,
                        0.043501901758316926,
                        0.030275697400827337
                    ],
                    [
                        0.4777932484204326,
                        0.22086793288951537,
                        0.1365023920356867,
                        0.09817885516599688,
                        0.03878289112012936,
                        0.027874680368239077
                    ],
                    [
                        0.48281589579477746,
                        0.2195746097821366,
                        0.13554851493708542,
                        0.09745177080346751,
                        0.037356738683053684,
                        0.027252469999479226
                    ]
                ],
                "motion_vectors_variance": [
                    1.4327018168866072,
                    1.4338246604519358,
                    1.4333716085302808,
                    1.4333470134583188,
                    1.4346880817921275,
                    1.4342624781041018
                ],
                "motion_vectors_priors": [
                    0.48696461824953446,
                    0.19180633147113593,
                    0.14618249534450653,
                    0.07635009310986965,
                    0.05307262569832402,
                    0.04562383612662942
                ],
                "init_position_prior": 0.06896551724137931
            }
        ],
        [
            {
                "centroid": [
                    450.0,
                    60.0
                ],
                "x_limits": [
                    360,
                    540
                ],
                "y_limits": [
                    0,
                    120
                ],
                "motion_vectors": [
                    [
                        0.0,
                        0.0
                    ],
                    [
                        0.0,
                        0.0
                    ],
                    [
                        0.0,
                        0.0
                    ],
                    [
                        0.0,
                        0.0
                    ],
                    [
                        0.0,
                        0.0
                    ],
                    [
                        0.0,
                        0.0
                    ]
                ],
                "transition_matrix": [
                    [
                        0.39753974571871137,
                        0.26203814552316024,
                        0.14288606153120545,
                        0.10128617813843567,
                        0.05890818019248606,
                        0.03734168889600112
                    ],
                    [
                        0.41553206556086236,
                        0.25170646208843034,
                        0.14106335620250252,
                        0.10058457446861634,
                        0.05517624814814153,
                        0.03593729353144696
                    ],
                    [
                        0.44438135367492776,
                        0.23701288087488834,
                        0.1363265152981339,
                        0.09866767073810652,
                        0.04996047106006342,
                        0.0336511083538802
                    ],
                    [
                        0.4563082280628411,
                        0.22984834252143038,
                        0.1364670751741298,
                        0.09891496536066334,
                        0.04672022816673383,
                        0.03174116071420143
                    ],
                    [
                        0.45917141671864375,
                        0.22268978611703769,
                        0.13946042254336172,
                        0.10194234555943636,
                        0.045766623570197604,
                        0.030969405491323036
                    ],
                    [
                        0.44128600707019133,
                        0.22217001075497153,
                        0.1416690090756261,
                        0.10674753883961312,
                        0.05233136482609905,
                        0.03579606943349891
                    ]
                ],
                "motion_vectors_variance": [
                    0.4690274244400786,
                    0.4691006260475169,
                    0.46906987154413293,
                    0.4690655007827682,
                    0.4691393717350499,
                    0.469117491910361
                ],
                "motion_vectors_priors": [
                    0.24764150943396226,
                    0.17806603773584906,
                    0.15566037735849056,
                    0.1544811320754717,
                    0.1403301886792453,
                    0.12382075471698113
                ],
                "init_position_prior": 0.06896551724137931
            },
            {
                "centroid": [
                    450.0,
                    180.0
                ],
                "x_limits": [
                    360,
                    540
                ],
                "y_limits": [
                    120,
                    240
                ],
                "motion_vectors": [
                    [
                        0.0,
                        0.0
                    ],
                    [
                        0.0,
                        0.0
                    ],
                    [
                        0.0,
                        0.0
                    ],
                    [
                        0.0,
                        0.0
                    ],
                    [
                        0.0,
                        0.0
                    ],
                    [
                        0.0,
                        0.0
                    ]
                ],
                "transition_matrix": [
                    [
                        0.39918477190997964,
                        0.2609438236230241,
                        0.14269890638305505,
                        0.10129031487736731,
                        0.05863326125690188,
                        0.03724892194967193
                    ],
                    [
                        0.4157791299310958,
                        0.2513857196639494,
                        0.14101821062666967,
                        0.10065664246112813,
                        0.05519747259238905,
                        0.03596282472476809
                    ],
                    [
                        0.4421942151867086,
                        0.23788042247630575,
                        0.1366696218664323,
                        0.09891873311461281,
                        0.050448106580516246,
                        0.03388890077542432
                    ],
                    [
                        0.45304190653796805,
                        0.23128964443281602,
                        0.13681600100454935,
                        0.09917904956918938,
                        0.04751424241550473,
                        0.03215915603997247
                    ],
                    [
                        0.45543249556279436,
                        0.2243462578313572,
                        0.13981997541485536,
                        0.10227620452136171,
                        0.046643014040967164,
                        0.03148205262866403
                    ],
                    [
                        0.4371234149198745,
                        0.22329415046911436,
                        0.1420127391745034,
                        0.1073584757530881,
                        0.0535771667349662,
                        0.03663405294845345
                    ]
                ],
                "motion_vectors_variance": [
                    0.26268101179782044,
                    0.2626173014519782,
                    0.26264909496904093,
                    0.2624868156490137,
                    0.26201533486158046,
                    0.2619717540897115
                ],
                "motion_vectors_priors": [
                    0.3333333333333333,
                    0.17435897435897435,
                    0.16923076923076924,
                    0.15897435897435896,
                    0.13333333333333333,
                    0.03076923076923077
                ],
                "init_position_prior": 0.13793103448275862
            },
            {
                "centroid": [
                    450.0,
                    300.0
                ],
                "x_limits": [
                    360,
                    540
                ],
                "y_limits": [
                    240,
                    360
                ],
                "motion_vectors": [
                    [
                        0.0,
                        0.0
                    ],
                    [
                        0.0,
                        0.0
                    ],
                    [
                        0.0,
                        0.0
                    ],
                    [
                        0.0,
                        0.0
                    ],
                    [
                        0.0,
                        0.0
                    ],
                    [
                        0.0,
                        0.0
                    ]
                ],
                "transition_matrix": [
                    [
                        0.4035072416547754,
                        0.257572695767524,
                        0.14202383764254234,
                        0.10144304145440339,
                        0.05820236836123497,
                        0.03725081511951991
                    ],
                    [
                        0.4162271058425291,
                        0.2501909437503336,
                        0.14075722967985865,
                        0.10099290081514095,
                        0.055561159501232936,
                        0.0362706604109046
                    ],
                    [
                        0.4366038059180551,
                        0.23986213342074342,
                        0.13745095619110537,
                        0.09962875768763849,
                        0.05183368070232688,
                        0.0346206660801306
                    ],
                    [
                        0.44589431349934383,
                        0.2342555688641456,
                        0.1375378610545084,
                        0.09982385464239374,
                        0.049336045785828994,
                        0.03315235615377951
                    ],
                    [
                        0.448783809240493,
                        0.22712941627484898,
                        0.1404908733998544,
                        0.10294936073829147,
                        0.04822486916628527,
                        0.03242167118022693
                    ],
                    [
                        0.4301129786820385,
                        0.22502921353378907,
                        0.14260067312506725,
                        0.10844687084017243,
                        0.05572240838236658,
                        0.03808785543656626
                    ]
                ],
                "motion_vectors_variance": [
                    0.9017252457184592,
                    0.9002280129240294,
                    0.9007366430079249,
                    0.9004193918284431,
                    0.8980899188133991,
                    0.8984714956204545
                ],
                "motion_vectors_priors": [
                    0.45454545454545453,
                    0.2905525846702317,
                    0.08377896613190731,
                    0.07575757575757576,
                    0.0481283422459893,
                    0.04723707664884135
                ],
                "init_position_prior": 0.10344827586206896
            },
            {
                "centroid": [
                    450.0,
                    420.0
                ],
                "x_limits": [
                    360,
                    540
                ],
                "y_limits": [
