{
    "width": 720.0,
    "height": 480.0,
    "nr_nodes": 16,
    "side": 4,
    "x_interval": 180.0,
    "y_interval": 120.0,
    "nr_fields": 6,
    "grid_matrix": [
        [
            {
                "centroid": [
                    90.0,
                    60.0
                ],
                "x_limits": [
                    0,
                    180
                ],
                "y_limits": [
                    0,
                    120
                ],
                "motion_vectors": [
                    [
                        -0.7738008993940722,
                        -0.4192055212373817
                    ],
                    [
                        -0.857275500471428,
                        -0.4447274944238896
                    ],
                    [
                        -0.7890673958531533,
                        -0.3744735505106546
                    ],
                    [
                        -0.8896903617558733,
                        -0.4494684583303314
                    ],
                    [
                        -0.8900546007307724,
                        -0.3250917309458736
                    ],
                    [
                        -0.898051181484633,
                        -0.4535213889312809
                    ]
                ],
                "transition_matrix": [
                    [
                        0.3919755278958401,
                        0.23963196541193688,
                        0.13369839994751953,
                        0.10918301378234133,
                        0.07203269714312562,
                        0.053478395819236475
                    ],
                    [
                        0.39193036197382397,
                        0.2396394139202588,
                        0.13369929006103093,
                        0.10919153905890278,
                        0.07204852890984709,
                        0.053490866076136505
                    ],
                    [
                        0.3919197193836075,
                        0.23963336273113192,
                        0.13369991519005883,
                        0.10919572923924367,
                        0.07205476145396458,
                        0.053496512001993395
                    ],
                    [
                        0.3919206813732746,
                        0.2396335861843901,
                        0.13369747314036823,
                        0.10919492142259414,
                        0.07205590531380349,
                        0.05349743256556935
                    ],
                    [
                        0.3919221852621771,
                        0.23963446377613615,
                        0.13369566712990452,
                        0.10919379922070854,
                        0.07205633008930475,
                        0.05349755452176903
                    ],
                    [
                        0.3919229965136245,
                        0.23963487629278954,
                        0.13369539793776258,
                        0.10919350339907528,
                        0.07205601247010383,
                        0.05349721338664403
                    ]
                ],
                "motion_vectors_variance": [
                    0.8850281466271717,
                    0.7971291496493986,
                    0.6896772918696538,
                    0.6645006693780401,
                    0.7085707086204879,
                    0.7252435280956244
                ],
                "motion_vectors_priors": [
                    0.23008057296329454,
                    0.19247985675917637,
                    0.18263205013428827,
                    0.1521933751119069,
                    0.13160250671441362,
                    0.11101163831692032
                ],
                "init_position_prior": 0.13793103448275862
            },
            {
                "centroid": [
                    90.0,
                    180.0
                ],
                "x_limits": [
                    0,
                    180
                ],
                "y_limits": [
                    120,
                    240
                ],
                "motion_vectors": [
                    [
                        0.3679459763042906,
                        -0.28241309978931567
                    ],
                    [
                        -0.6383009908608379,
                        -0.6371669464397072
                    ],
                    [
                        -0.22706785424240078,
                        -0.21827709105401272
                    ],
                    [
                        0.2005811347523514,
                        -0.1578860328427434
                    ],
                    [
                        -0.01793901672542629,
                        -0.3242216250613071
                    ],
                    [
                        -0.02521742921270579,
                        -0.14302602630131675
                    ]
                ],
                "transition_matrix": [
                    [
                        0.3919994007450195,
                        0.23963921548879002,
                        0.13369888527407198,
                        0.1091747426932803,
                        0.07202119861476856,
                        0.05346655718406952
                    ],
                    [
                        0.3919546849887358,
                        0.2396467893620172,
                        0.1336997622027935,
                        0.10918311002285551,
                        0.07203683148573634,
                        0.053478821937861507
                    ],
                    [
                        0.3919442209758997,
                        0.23964079281114573,
                        0.1337003850124321,
                        0.10918723679570182,
                        0.07204298163558771,
                        0.05348438276923289
                    ],
                    [
                        0.3919452124016881,
                        0.23964102546559823,
                        0.13369794060208076,
                        0.10918641791544605,
                        0.0720441132052161,
                        0.053485290409970854
                    ],
                    [
                        0.3919467480530065,
                        0.23964191288656791,
                        0.13369613281571996,
                        0.1091852841050253,
                        0.0720445242156528,
                        0.053485397924027546
                    ],
                    [
                        0.39194757022668064,
                        0.23964232882326464,
                        0.13369586339920023,
                        0.10918498444582825,
                        0.07204420155011201,
                        0.053485051554914155
                    ]
                ],
                "motion_vectors_variance": [
                    2.346846763718873,
                    1.3823417091775152,
                    1.9322509095962148,
                    1.113129633836264,
                    1.3320857785638975,
                    1.0325115510391185
                ],
                "motion_vectors_priors": [
                    0.41139240506329117,
                    0.23312236286919832,
                    0.14662447257383968,
                    0.10337552742616034,
                    0.07911392405063292,
                    0.026371308016877638
                ],
                "init_position_prior": 0.13793103448275862
            },
            {
                "centroid": [
                    90.0,
                    300.0
                ],
                "x_limits": [
                    0,
                    180
                ],
                "y_limits": [
                    240,
                    360
                ],
                "motion_vectors": [
                    [
                        0.262764479066784,
                        0.34001814997938695
                    ],
                    [
                        0.1867965424378523,
                        0.4666305190574101
                    ],
                    [
                        0.2348543214104009,
                        2.8217146848135575
                    ],
                    [
                        -0.25868301107479963,
                        0.2849675871861482
                    ],
                    [
                        -0.0410339129627882,
                        0.49063016030426676
                    ],
                    [
                        0.3047565155776323,
                        -0.12533436285123345
                    ]
                ],
                "transition_matrix": [
                    [
                        0.3919993564213256,
                        0.23963919914099863,
                        0.13369888426680548,
                        0.10917475911302048,
                        0.07202122058733372,
                        0.053466580470516056
                    ],
                    [
                        0.39195466418461417,
                        0.23964678389824934,
                        0.1336997619044564,
                        0.10918311697714753,
                        0.07203684119898773,
                        0.053478831836544685
                    ],
                    [
                        0.39194421417392655,
                        0.23964079093107712,
                        0.13370038493671024,
                        0.10918723908773786,
                        0.07204298484773439,
                        0.05348438602281394
                    ],
                    [
                        0.39194520784372977,
                        0.2396410242036989,
                        0.1336979405044973,
                        0.10918641944261559,
                        0.07204411538833579,
                        0.053485292617122614
                    ],
                    [
                        0.3919467460628677,
                        0.23964191233878646,
                        0.13369613275800057,
                        0.10918528476699484,
                        0.07204452517835666,
                        0.053485398894993735
                    ],
                    [
                        0.39194756912602163,
                        0.23964232852090836,
                        0.13369586336601627,
                        0.10918498481193868,
                        0.0720442020828732,
                        0.053485052092241976
                    ]
                ],
                "motion_vectors_variance": [
                    8.253086293102253,
                    2.9213304588261093,
                    1.980305642807877,
                    1.2682199460831942,
                    3.4379342393513475,
                    1.9061901488050512
                ],
                "motion_vectors_priors": [
                    0.43732274532047644,
                    0.34429948950652295,
                    0.09302325581395349,
                    0.07997731140102099,
                    0.02949517867271696,
                    0.01588201928530913
                ],
                "init_position_prior": 0.034482758620689655
            },
            {
                "centroid": [
                    90.0,
                    420.0
                ],
                "x_limits": [
                    0,
                    180
                ],
                "y_limits": [
                    360,
                    480
                ],
                "motion_vectors": [
                    [
                        -1.4524715817941682,
                        -0.03295591268452422
                    ],
                    [
                        0.6573406470749277,
                        -0.20699639489457294
                    ],
                    [
                        0.6092954714537456,
                        -0.07865370191646849
                    ],
                    [
                        -0.06355800025513933,
                        0.09297541920778327
                    ],
                    [
                        -0.7288738808814419,
                        -0.0033679917742251986
                    ],
                    [
                        0.6369203143053807,
                        -0.12251163752803176
                    ]
                ],
                "transition_matrix": [
                    [
                        0.3919751617112317,
                        0.23963184246670907,
                        0.13369839126801886,
                        0.10918314476532835,
                        0.07203287665999665,
                        0.05347858312871548
                    ],
                    [
                        0.3919302123192224,
                        0.23963937044707667,
                        0.13369928639277284,
                        0.10919159013048,
                        0.07204860088609165,
                        0.05349093982435647
                    ],
                    [
                        0.3919196737276986,
                        0.23963334837956382,
                        0.13369991337512074,
                        0.10919574496599015,
                        0.07205478425624039,
                        0.053496535295386144
                    ],
                    [
                        0.3919206519617721,
                        0.2396335765320473,
                        0.13369747140283064,
                        0.10919493156682673,
                        0.07205592048580316,
                        0.05349744805072013
                    ],
                    [
                        0.39192217411993013,
                        0.2396344594302285,
                        0.13369566571654792,
                        0.1091938031247487,
                        0.07205633652350327,
                        0.05349756108504146
                    ],
                    [
                        0.3919229916651723,
                        0.23963487376754697,
                        0.13369539667586988,
                        0.1091935051676695,
                        0.07205601586746864,
                        0.0534972168562728
                    ]
                ],
                "motion_vectors_variance": [
                    60.48081212865941,
                    11.305643493268919,
                    17.5445066540531,
                    17.7796298978332,
                    2.5751285834482545,
                    0.8312255770981594
                ],
                "motion_vectors_priors": [
                    0.3789173789173789,
                    0.36253561253561256,
                    0.1581196581196581,
                    0.05128205128205128,
                    0.037037037037037035,
                    0.012108262108262107
                ],
                "init_position_prior": 0.06896551724137931
            }
        ],
        [
            {
                "centroid": [
                    270.0,
                    60.0
                ],
                "x_limits": [
                    180,
                    360
                ],
                "y_limits": [
                    0,
                    120
                ],
                "motion_vectors": [
                    [
                        -0.38318813536189233,
                        -0.01197217287911884
                    ],
                    [
                        0.9794153684306683,
                        -0.4053214330519203
                    ],
                    [
                        -4.224560032737173,
                        0.10411944603027568
                    ],
                    [
                        -4.967275159778251,
                        0.01534460586288311
                    ],
                    [
                        0.4492834001145175,
                        0.08411846296752012
                    ],
                    [
                        0.5562568406735584,
                        0.1338653476942582
                    ]
                ],
                "transition_matrix": [
                    [
                        0.3915493350262819,
                        0.23950243879844382,
                        0.13368972463506684,
                        0.10933070693404892,
                        0.07223800189142612,
                        0.05368979271473238
                    ],
                    [
                        0.3914975456650812,
                        0.23950818592644607,
                        0.13369088162555326,
                        0.10934152343945637,
                        0.07225667973740642,
                        0.053705183606056826
                    ],
                    [
                        0.39148441264317513,
                        0.23950135176178486,
                        0.13369155979278627,
                        0.10934660919844905,
                        0.07226405475741304,
                        0.053712011846391766
                    ],
                    [
                        0.3914849594318831,
                        0.2395014426305454,
                        0.13368915985078164,
                        0.10934596095405544,
                        0.07226536660791301,
                        0.0537131105248215
                    ],
                    [
                        0.39148601942647315,
                        0.23950218025465306,
                        0.13368738745496792,
                        0.10934500397971611,
                        0.07226597843601627,
                        0.053713430448173456
                    ],
                    [
                        0.39148667797801706,
                        0.239502543851822,
                        0.13368712327776974,
                        0.1093447623697376,
                        0.07226573051083117,
                        0.05371316201182253
                    ]
                ],
                "motion_vectors_variance": [
                    50.02935999297821,
                    0.9179097272094328,
                    9.929662266466515,
                    1.0417627086597496,
                    0.9688484200186542,
                    0.8812486796344561
                ],
                "motion_vectors_priors": [
                    0.3415446071904128,
                    0.24167776298268975,
                    0.2197070572569907,
                    0.14314247669773636,
                    0.035286284953395475,
                    0.018641810918774968
                ],
                "init_position_prior": 0.10344827586206896
            },
            {
                "centroid": [
                    270.0,
                    180.0
                ],
                "x_limits": [
                    180,
                    360
                ],
                "y_limits": [
                    120,
                    240
                ],
                "motion_vectors": [
                    [
                        0.22179219282529883,
                        -0.028409981434795617
                    ],
                    [
                        0.19005327218368825,
                        -0.04554093494706385
                    ],
                    [
                        0.24374436171900687,
                        -0.013345659945531663
                    ],
                    [
                        0.2711841095047692,
                        -0.0010184265948474658
                    ],
                    [
                        0.3422008058294268,
                        -0.04294697689904575
                    ],
                    [
                        0.32348590155866475,
                        -0.0040523351214116765
                    ]
                ],
                "transition_matrix": [
                    [
                        0.39155942220925205,
                        0.23950550124001543,
                        0.13368992949429634,
                        0.10932721244708687,
                        0.07223314363457996,
                        0.05368479097476944
                    ],
                    [
                        0.3915079917205421,
                        0.23951135224757017,
                        0.133691083806002,
                        0.10933790374834168,
                        0.07225165663923003,
                        0.05370001183831413
                    ],
                    [
                        0.39149500218155475,
                        0.23950456184134378,
                        0.13369176227410678,
                        0.10934293911804928,
                        0.07225896413984809,
                        0.05370677044509726
                    ],
                    [
                        0.3914955716775053,
                        0.23950465971855434,
                        0.1336893615079377,
                        0.10934228263090505,
                        0.07226026587394077,
                        0.053707858591156975
                    ],
                    [
                        0.3914966565829624,
                        0.23950540498769948,
                        0.13368758856734722,
                        0.10934131676341009,
                        0.0722608663694253,
                        0.05370816672915568
                    ],
                    [
                        0.3914973237080826,
                        0.23950577123370936,
                        0.13368732437052103,
                        0.10934107215949122,
                        0.0722606144079755,
                        0.05370789412022006
                    ]
                ],
                "motion_vectors_variance": [
                    1.237824416726616,
                    1.2319279956451574,
                    1.229265284458353,
                    1.2285359733140584,
                    1.2293167524623116,
                    1.2382625012496937
                ],
                "motion_vectors_priors": [
                    0.43584784010315925,
                    0.24500322372662797,
                    0.1399097356544165,
                    0.11605415860735009,
                    0.03288201160541586,
                    0.030303030303030304
                ],
                "init_position_prior": 0.06896551724137931
            },
            {
                "centroid": [
                    270.0,
                    300.0
                ],
                "x_limits": [
                    180,
                    360
                ],
                "y_limits": [
                    240,
                    360
                ],
                "motion_vectors": [
                    [
                        0.4745676409706486,
                        -0.30000089194389673
                    ],
                    [
                        -0.13219619860527493,
                        -0.3531190106621611
                    ],
                    [
                        0.11521730222396415,
                        -1.4966783453285137
                    ],
                    [
                        0.39932875063031736,
                        -0.6239222057163606
                    ],
                    [
                        0.20989867797309036,
                        -0.2886285305461319
                    ],
                    [
                        0.3860904123095822,
                        0.047071116369720695
                    ]
                ],
                "transition_matrix": [
                    [
                        0.39155921117602677,
                        0.23950543119266265,
                        0.1336899250259555,
                        0.10932728776764536,
                        0.07223324653930957,
                        0.05368489829840008
                    ],
                    [
                        0.3915079037391008,
                        0.23951132730781316,
                        0.1336910823096901,
                        0.10933793371089826,
                        0.072251698354355,
                        0.05370005457814266
                    ],
                    [
                        0.39149497407619166,
                        0.2395045536936736,
                        0.1336917618443452,
                        0.10934294872385236,
                        0.0722589775352905,
                        0.053706784126646666
                    ],
                    [
                        0.391495552867513,
                        0.23950465426133144,
                        0.13368936112426533,
                        0.10934228904191862,
                        0.07226027490197795,
                        0.05370786780299378
                    ],
                    [
                        0.39149664837238446,
                        0.239505402612125,
                        0.13368758836893485,
                        0.10934131955193467,
                        0.07226087032960728,
                        0.053708170765013746
                    ],
                    [
                        0.39149731917130415,
                        0.2395057699223235,
                        0.13368732425830498,
                        0.10934107370030029,
                        0.07226061659685858,
                        0.05370789635090832
                    ]
                ],
                "motion_vectors_variance": [
                    1.4745357225788018,
                    3.3946153501970118,
                    1.9209152335663882,
                    0.7420186906008691,
                    1.0272652574507206,
                    0.7904015300966852
                ],
                "motion_vectors_priors": [
                    0.6311141304347826,
                    0.20244565217391305,
                    0.06453804347826086,
                    0.057744565217391304,
                    0.028532608695652172,
                    0.015625
                ],
                "init_position_prior": 0.0
            },
            {
                "centroid": [
                    270.0,
                    420.0
                ],
                "x_limits": [
                    180,
                    360
                ],
                "y_limits": [
                    360,
                    480
                ],
                "motion_vectors": [
                    [
                        -0.4053805989370965,
                        -0.4491544169602577
                    ],
                    [
                        0.0009550966502482883,
                        1.4177697106991431
                    ],
                    [
                        3.0277124658911774,
                        -0.517572057050169
                    ],
                    [
                        -0.7863085113488109,
                        0.2289153901796863
                    ],
                    [
                        -0.16119127663316796,
                        1.6309498878820696
                    ],
                    [
                        0.17011959071735647,
                        0.6448040251393137
                    ]
                ],
                "transition_matrix": [
                    [
                        0.39154860470372826,
                        0.23950220094322705,
                        0.1336897082539561,
                        0.10933096563404669,
                        0.07223835784125138,
                        0.05369016262379058
                    ],
                    [
                        0.39149725390299933,
                        0.23950810024328423,
                        0.1336908750563142,
                        0.10934162343698968,
                        0.07225681991897084,
                        0.05370532744144163
                    ],
                    [
                        0.3914843227463633,
                        0.2395013239597138,
                        0.13369155692271126,
                        0.10934664020227826,
                        0.07226409901234342,
                        0.053712057156589894
                    ],
                    [
                        0.3914849008082958,
                        0.23950142399914,
                        0.13368915726023325,
                        0.10934598118516854,
                        0.07226539607333252,
                        0.05371314067382972
                    ],
                    [
                        0.3914859959925233,
                        0.23950217197262152,
                        0.13368738550385695,
                        0.10934501214082001,
                        0.07226599104538523,
                        0.053713443344792944
                    ],
                    [
                        0.3914866666782647,
                        0.23950253912844727,
                        0.13368712160156754,
                        0.10934476638837719,
                        0.07226573727137668,
                        0.05371316893196672
                    ]
                ],
                "motion_vectors_variance": [
                    53.60147642635646,
                    9.155705197612845,
                    6.574749462612567,
                    93.86133378270219,
                    8.377801124845032,
                    5.317616951530546
                ],
                "motion_vectors_priors": [
                    0.611731843575419,
                    0.14804469273743018,
                    0.07635009310986965,
                    0.06610800744878957,
                    0.05307262569832402,
                    0.0446927374301676
                ],
                "init_position_prior": 0.06896551724137931
            }
        ],
        [
            {
                "centroid": [
                    450.0,
                    60.0
                ],
                "x_limits": [
                    360,
                    540
                ],
                "y_limits": [
                    0,
                    120
                ],
                "motion_vectors": [
                    [
                        0.15029901580646393,
                        0.20618192986317463
                    ],
                    [
                        1.5132603180553077,
                        0.24857070718478902
                    ],
                    [
                        -6.870697363023478,
                        0.42577323120572674
                    ],
                    [
                        0.22107691296810267,
                        -0.4553000263480377
                    ],
                    [
                        -0.011684702033751142,
                        0.624503812940749
                    ],
                    [
                        0.20372235016293033,
                        -0.3223991374948507
                    ]
                ],
                "transition_matrix": [
                    [
                        0.39089667893801916,
                        0.23930412999989392,
                        0.13367644383393462,
                        0.10955686264844638,
                        0.07255238781650898,
                        0.054013496763196875
                    ],
                    [
                        0.3908352984101638,
                        0.2393074013084361,
                        0.13367801650707475,
                        0.10957100953776541,
                        0.0725751690564643,
                        0.05403310518009571
                    ],
                    [
                        0.390818532139391,
                        0.23929942967293522,
                        0.1336787798036175,
                        0.10957740220958184,
                        0.07258420449178969,
                        0.05404165168268466
                    ],
                    [
                        0.39081846822571586,
                        0.23929932577818785,
                        0.13367644540447715,
                        0.10957698946252468,
                        0.07258576105984706,
                        0.05404301006924727
                    ],
                    [
                        0.3908188773970083,
                        0.23929985852033045,
                        0.13367472510095588,
                        0.10957627521284104,
                        0.07258664529118823,
                        0.054043618477676296
                    ],
                    [
                        0.3908193122343582,
                        0.2393001505327275,
                        0.13367446872649336,
                        0.10957611298528804,
                        0.07258649924063557,
                        0.05404345628049742
                    ]
                ],
                "motion_vectors_variance": [
                    1.462379476831107,
                    0.4488110732164632,
                    0.47482923274722144,
                    0.4431350689700887,
                    0.7631717494354563,
                    0.46983583381272725
                ],
                "motion_vectors_priors": [
                    0.24764150943396226,
                    0.17806603773584906,
                    0.15566037735849056,
                    0.1544811320754717,
                    0.1403301886792453,
                    0.12382075471698113
                ],
                "init_position_prior": 0.06896551724137931
            },
            {
                "centroid": [
                    450.0,
                    180.0
                ],
                "x_limits": [
                    360,
                    540
                ],
                "y_limits": [
                    120,
                    240
                ],
                "motion_vectors": [
                    [
                        -0.10448015097875274,
                        0.239607451637402
                    ],
                    [
                        -0.602554734704845,
                        1.4487998993564322
                    ],
                    [
                        0.15246088308890215,
                        -0.42509967229520973
                    ],
                    [
                        0.21587672383235312,
                        -0.2667749228053347
                    ],
                    [
                        0.6089402851176409,
                        0.3582600844403493
                    ],
                    [
                        0.08356294315253911,
                        0.428946510284733
                    ]
                ],
                "transition_matrix": [
                    [
                        0.3908858646236788,
                        0.23930084264278062,
                        0.13367622348866498,
                        0.10956061047983548,
                        0.07255759756859774,
                        0.054018861196442586
                    ],
                    [
                        0.3908245833914518,
                        0.23930415155040605,
                        0.13367780755383563,
                        0.10957472281070611,
                        0.07258032290274864,
                        0.05403841179085176
                    ],
                    [
                        0.39080786204760304,
                        0.23929619289619258,
                        0.13367857423035454,
                        0.10958110070364244,
                        0.072589335351657,
                        0.054046934770550614
                    ],
                    [
                        0.390807803955853,
                        0.2392960906074771,
                        0.13367624117453844,
                        0.1095806863223149,
                        0.07259088834117522,
                        0.05404828959864126
                    ],
                    [
                        0.39080822013676897,
                        0.23929662535085178,
                        0.13367452204983654,
                        0.10957996992253864,
                        0.07259176854674948,
                        0.05404889399325463
                    ],
                    [
                        0.39080865739103027,
                        0.23929691803496314,
                        0.13367426592179898,
                        0.10957980688927017,
                        0.07259162123871256,
                        0.054048730524224854
                    ]
                ],
                "motion_vectors_variance": [
                    11.059227664949242,
                    0.684157709098873,
                    0.3521827727977101,
                    0.8432319479194247,
                    0.33864257944675796,
                    0.8784809832847905
                ],
                "motion_vectors_priors": [
                    0.3333333333333333,
                    0.27692307692307694,
                    0.15897435897435896,
                    0.13333333333333333,
                    0.06666666666666667,
                    0.03076923076923077
                ],
                "init_position_prior": 0.13793103448275862
            },
            {
                "centroid": [
                    450.0,
                    300.0
                ],
                "x_limits": [
                    360,
                    540
                ],
                "y_limits": [
                    240,
                    360
                ],
                "motion_vectors": [
                    [
                        0.9454143402992464,
                        -0.5008617234444849
                    ],
                    [
                        0.9579857373193527,
                        -0.4819132047353881
                    ],
                    [
                        0.873984488582891,
                        -0.4934255819847545
                    ],
                    [
                        0.8376454738493734,
                        -0.47006034134491637
                    ],
                    [
                        0.8026779137070982,
                        -0.4015702810314089
                    ],
                    [
                        0.8582440894238056,
                        -0.4251076977149461
                    ]
                ],
                "transition_matrix": [
                    [
                        0.3908855701777436,
                        0.23930074448747285,
                        0.13367621699841598,
                        0.10956071566134021,
                        0.072557741404242,
                        0.05401901127078522
                    ],
                    [
                        0.3908244585150721,
                        0.23930411623004708,
                        0.13367780546646993,
                        0.10957476532160973,
                        0.0725803820658948,
                        0.05403847240090652
                    ],
                    [
                        0.39080782195882025,
                        0.23929618129048882,
