{
    "width": 720.0,
    "height": 480.0,
    "nr_nodes": 25,
    "side": 5,
    "x_interval": 144.0,
    "y_interval": 96.0,
    "nr_fields": 6,
    "grid_matrix": [
        [
            {
                "centroid": [
                    72.0,
                    48.0
                ],
                "x_limits": [
                    0,
                    144
                ],
                "y_limits": [
                    0,
                    96
                ],
                "motion_vectors": [
                    [
                        0.0,
                        0.0
                    ],
                    [
                        0.0,
                        0.0
                    ],
                    [
                        0.0,
                        0.0
                    ],
                    [
                        0.0,
                        0.0
                    ],
                    [
                        0.0,
                        0.0
                    ],
                    [
                        0.0,
                        0.0
                    ]
                ],
                "transition_matrix": [
                    [
                        0.36263394997890025,
                        0.2126672972676501,
                        0.1501548996437325,
                        0.11775851038744321,
                        0.09204060481916011,
                        0.06474473790311382
                    ],
                    [
                        0.36259468736932554,
                        0.21247351504122125,
                        0.15019977997833364,
                        0.11783608330221025,
                        0.0920742987245742,
                        0.06482163558433496
                    ],
                    [
                        0.3641262251198293,
                        0.21134468210476487,
                        0.14982867441083694,
                        0.11738933657624448,
                        0.09232843657792837,
                        0.06498264521039608
                    ],
                    [
                        0.3655878935850141,
                        0.21001201861039404,
                        0.1494073403272025,
                        0.11695949738416307,
                        0.09277656579301227,
                        0.06525668430021388
                    ],
                    [
                        0.3666975969060242,
                        0.20792041091901983,
                        0.14886223932564777,
                        0.1165934001014184,
                        0.0939107691007896,
                        0.06601558364710011
                    ],
                    [
                        0.36695953460139713,
                        0.20588963432107105,
                        0.14846816751842493,
                        0.11647651082956699,
                        0.09514878364050748,
                        0.0670573690890325
                    ]
                ],
                "motion_vectors_variance": [
                    1.1684958204885303,
                    1.1685354542763187,
                    1.1685189364552568,
                    1.1685194756951325,
                    1.1684829783654465,
                    1.1684813727489949
                ],
                "motion_vectors_priors": [
                    0.30385164051355207,
                    0.21825962910128388,
                    0.14978601997146934,
                    0.1355206847360913,
                    0.10699001426533523,
                    0.08559201141226819
                ],
                "init_position_prior": 0.10344827586206896
            },
            {
                "centroid": [
                    72.0,
                    144.0
                ],
                "x_limits": [
                    0,
                    144
                ],
                "y_limits": [
                    96,
                    192
                ],
                "motion_vectors": [
                    [
                        0.0,
                        0.0
                    ],
                    [
                        0.0,
                        0.0
                    ],
                    [
                        0.0,
                        0.0
                    ],
                    [
                        0.0,
                        0.0
                    ],
                    [
                        0.0,
                        0.0
                    ],
                    [
                        0.0,
                        0.0
                    ]
                ],
                "transition_matrix": [
                    [
                        0.36187127672060165,
                        0.21314754751446513,
                        0.150444098268073,
                        0.1179505729254654,
                        0.09200008241861926,
                        0.0645864221527757
                    ],
                    [
                        0.3622893007733088,
                        0.21263444056736208,
                        0.1503441136441513,
                        0.11791484647267797,
                        0.09206643692758207,
                        0.06475086161491794
                    ],
                    [
                        0.3642410392664762,
                        0.21128653840407613,
                        0.14984065252323425,
                        0.11733940696073474,
                        0.09234006436686712,
                        0.06495229847861156
                    ],
                    [
                        0.3658607345370022,
                        0.2098696312571846,
                        0.14936582565026524,
                        0.116864402771124,
                        0.09279694434978325,
                        0.06524246143464069
                    ],
                    [
                        0.3670055960138424,
                        0.2077386260354654,
                        0.14879913092947325,
                        0.11648768724639794,
                        0.09395099134442894,
                        0.0660179684303922
                    ],
                    [
                        0.36723883121193385,
                        0.20576573258047434,
                        0.14841356434398886,
                        0.11637818194621503,
                        0.09515944271174762,
                        0.06704424720564026
                    ]
                ],
                "motion_vectors_variance": [
                    1.1601475584793959,
                    1.1601106440140097,
                    1.1601341278732107,
                    1.160138587046908,
                    1.1601754609926327,
                    1.160179569306748
                ],
                "motion_vectors_priors": [
                    0.2332761578044597,
                    0.1835334476843911,
                    0.18181818181818182,
                    0.1680960548885077,
                    0.12521440823327615,
                    0.10806174957118353
                ],
                "init_position_prior": 0.10344827586206896
            },
            {
                "centroid": [
                    72.0,
                    240.0
                ],
                "x_limits": [
                    0,
                    144
                ],
                "y_limits": [
                    192,
                    288
                ],
                "motion_vectors": [
                    [
                        0.0,
                        0.0
                    ],
                    [
                        0.0,
                        0.0
                    ],
                    [
                        0.0,
                        0.0
                    ],
                    [
                        0.0,
                        0.0
                    ],
                    [
                        0.0,
                        0.0
                    ],
                    [
                        0.0,
                        0.0
                    ]
                ],
                "transition_matrix": [
                    [
                        0.35990465329794374,
                        0.21419464441799577,
                        0.1511846878236515,
                        0.11842972010459414,
                        0.09202904896013202,
                        0.06425724539568273
                    ],
                    [
                        0.36162727122188654,
                        0.21291069986266278,
                        0.15065851518172396,
                        0.11807787140305252,
                        0.09210284043684266,
                        0.06462280189383174
                    ],
                    [
                        0.3644785834354096,
                        0.2111389998742357,
                        0.14986344503716137,
                        0.11723136318288843,
                        0.09238565262306248,
                        0.0649019558472424
                    ],
                    [
                        0.36642073310486295,
                        0.20957325409367036,
                        0.14927832941918362,
                        0.11666726957794633,
                        0.09284237975634627,
                        0.06521803404799045
                    ],
                    [
                        0.36763287092818675,
                        0.20738264840746354,
                        0.1486709402366686,
                        0.11627266033807586,
                        0.0940224997208977,
                        0.06601838036870747
                    ],
                    [
                        0.36781284350094334,
                        0.20553352374999587,
                        0.1483027192554645,
                        0.11617753791193058,
                        0.09516531852223668,
                        0.06700805705942911
                    ]
                ],
                "motion_vectors_variance": [
                    1.723142128640035,
                    1.7231453476770195,
                    1.7233961773644428,
                    1.7233400485967665,
                    1.7235895509940784,
                    1.723344569350567
                ],
                "motion_vectors_priors": [
                    0.39082278481012656,
                    0.22151898734177214,
                    0.11234177215189874,
                    0.10917721518987342,
                    0.0981012658227848,
                    0.0680379746835443
                ],
                "init_position_prior": 0.0
            },
            {
                "centroid": [
                    72.0,
                    336.0
                ],
                "x_limits": [
                    0,
                    144
                ],
                "y_limits": [
                    288,
                    384
                ],
                "motion_vectors": [
                    [
                        0.0,
                        0.0
                    ],
                    [
                        0.0,
                        0.0
                    ],
                    [
                        0.0,
                        0.0
                    ],
                    [
                        0.0,
                        0.0
                    ],
                    [
                        0.0,
                        0.0
                    ],
                    [
                        0.0,
                        0.0
                    ]
                ],
                "transition_matrix": [
                    [
                        0.3565759414398627,
                        0.215406322811682,
                        0.15242344482090572,
                        0.11916996686399539,
                        0.09248200515499981,
                        0.06394231890855437
                    ],
                    [
                        0.3607713762087606,
                        0.21308162025506433,
                        0.15105144551282693,
                        0.11826057654346572,
                        0.09229088344742074,
                        0.06454409803246171
                    ],
                    [
                        0.3647054931263207,
                        0.21091549078546423,
                        0.14989187283066804,
                        0.117109609924387,
                        0.09249469460771456,
                        0.0648828387254456
                    ],
                    [
                        0.367007169412636,
                        0.20923669413576415,
                        0.14918526676039864,
                        0.11645777257934328,
                        0.09290804244905214,
                        0.06520505466280602
                    ],
                    [
                        0.3682889278464771,
                        0.20702216375548835,
                        0.1485391597692235,
                        0.11605168730229455,
                        0.09408585462841026,
                        0.06601220669810616
                    ],
                    [
                        0.3684289388050723,
                        0.20532102974232044,
                        0.14818693583311549,
                        0.11596811867810071,
                        0.09514366595069201,
                        0.06695131099069891
                    ]
                ],
                "motion_vectors_variance": [
                    2.11761546398078,
                    2.1175405889993577,
                    2.1175928215752706,
                    2.1175726721954846,
                    2.117672079085213,
                    2.11763897213825
                ],
                "motion_vectors_priors": [
                    0.4713493530499076,
                    0.18114602587800369,
                    0.1367837338262477,
                    0.09242144177449169,
                    0.08317929759704251,
                    0.03512014787430684
                ],
                "init_position_prior": 0.06896551724137931
            },
            {
                "centroid": [
                    72.0,
                    432.0
                ],
                "x_limits": [
                    0,
                    144
                ],
                "y_limits": [
                    384,
                    480
                ],
                "motion_vectors": [
                    [
                        0.0,
                        0.0
                    ],
                    [
                        0.0,
                        0.0
                    ],
                    [
                        0.0,
                        0.0
                    ],
                    [
                        0.0,
                        0.0
                    ],
                    [
                        0.0,
                        0.0
                    ],
                    [
                        0.0,
                        0.0
                    ]
                ],
                "transition_matrix": [
                    [
                        0.35446674333443684,
                        0.2160775058690567,
                        0.15320576838132163,
                        0.11963142281666071,
                        0.092836112306485,
                        0.06378244729203911
                    ],
                    [
                        0.36030928123088524,
                        0.21313501916706187,
                        0.15126441116358638,
                        0.11835509099289251,
                        0.09242102613442306,
                        0.06451517131115075
                    ],
                    [
                        0.3648223714713623,
                        0.21078573571337048,
                        0.1499055029793611,
                        0.11704433164820721,
                        0.0925624232705639,
                        0.06487963491713494
                    ],
                    [
                        0.36730728245093863,
                        0.2090623322042352,
                        0.14913646819877266,
                        0.11634955873048632,
                        0.09294350070266005,
                        0.06520085771290711
                    ],
                    [
                        0.36862219123273765,
                        0.20684625495442704,
                        0.1484723870229747,
                        0.1159395713129161,
                        0.09411277223620755,
                        0.06600682324073699
                    ],
                    [
                        0.3687446086736164,
                        0.20522292399689232,
                        0.14812826396647175,
                        0.11586147938559849,
                        0.09512489082928494,
                        0.06691783314813622
                    ]
                ],
                "motion_vectors_variance": [
                    1.1162825916108257,
                    1.1162439874759624,
                    1.116410156834211,
                    1.116384552916056,
                    1.1165552422750666,
                    1.116420399813892
                ],
                "motion_vectors_priors": [
                    0.46511627906976744,
                    0.22868217054263565,
                    0.16149870801033592,
                    0.056847545219638244,
                    0.05426356589147287,
                    0.03359173126614987
                ],
                "init_position_prior": 0.0
            }
        ],
        [
            {
                "centroid": [
                    216.0,
                    48.0
                ],
                "x_limits": [
                    144,
                    288
                ],
                "y_limits": [
                    0,
                    96
                ],
                "motion_vectors": [
                    [
                        0.0,
                        0.0
                    ],
                    [
                        0.0,
                        0.0
                    ],
                    [
                        0.0,
                        0.0
                    ],
                    [
                        0.0,
                        0.0
                    ],
                    [
                        0.0,
                        0.0
                    ],
                    [
                        0.0,
                        0.0
                    ]
                ],
                "transition_matrix": [
                    [
                        0.3643301145940419,
                        0.2114843479144778,
                        0.14964865189367207,
                        0.11727584694122396,
                        0.09226021696063132,
                        0.06500082169595292
                    ],
                    [
                        0.3640214036005714,
                        0.21187744266891617,
                        0.14971837436068502,
                        0.11733048870469905,
                        0.09215976031867269,
                        0.06489253034645569
                    ],
                    [
                        0.36310770924093894,
                        0.21259173520175448,
                        0.14994689396583788,
                        0.1176122446319508,
                        0.09196390412211078,
                        0.06477751283740713
                    ],
                    [
                        0.3624601807458453,
                        0.21329382420641096,
                        0.15012643382150498,
                        0.11781438196105047,
                        0.09168275940599845,
                        0.06462241985918968
                    ],
                    [
                        0.3621947113588347,
                        0.21441664554343914,
                        0.15026858506948418,
                        0.11788467357786277,
                        0.0910188276235406,
                        0.06421655682683881
                    ],
                    [
                        0.3637069563790005,
                        0.2166540777378801,
                        0.1499739758104422,
                        0.11719066696260493,
                        0.08938047968079561,
                        0.06309384342927658
                    ]
                ],
                "motion_vectors_variance": [
                    0.3719254826954961,
                    0.37195993708667663,
                    0.3719703831286674,
                    0.3719587549050579,
                    0.3719575614824543,
                    0.3719221083144597
                ],
                "motion_vectors_priors": [
                    0.4027093596059113,
                    0.1687192118226601,
                    0.1354679802955665,
                    0.11576354679802955,
                    0.11576354679802955,
                    0.06157635467980296
                ],
                "init_position_prior": 0.10344827586206896
            },
            {
                "centroid": [
                    216.0,
                    144.0
                ],
                "x_limits": [
                    144,
                    288
                ],
                "y_limits": [
                    96,
                    192
                ],
                "motion_vectors": [
                    [
                        0.0,
                        0.0
                    ],
                    [
                        0.0,
                        0.0
                    ],
                    [
                        0.0,
                        0.0
                    ],
                    [
                        0.0,
                        0.0
                    ],
                    [
                        0.0,
                        0.0
                    ],
                    [
                        0.0,
                        0.0
                    ]
                ],
                "transition_matrix": [
                    [
                        0.3639430516983926,
                        0.21216546573180986,
                        0.14975349096510893,
                        0.11736658843676308,
                        0.09196271948923036,
                        0.06480868367869527
                    ],
                    [
                        0.36375532653657616,
                        0.21240399689608894,
                        0.14979406056585207,
                        0.11740283614278532,
                        0.09189833055489963,
                        0.0647454493037978
                    ],
                    [
                        0.36316666349600385,
                        0.2128723204376085,
                        0.14993924211292656,
                        0.11759005130334657,
                        0.09176318869375005,
                        0.0646685339563645
                    ],
                    [
                        0.362715335679756,
                        0.21342101854752243,
                        0.1500605961337825,
                        0.11773189522259117,
                        0.09152966975581857,
                        0.06454148466052932
                    ],
                    [
                        0.3626129477974975,
                        0.2144584989181747,
                        0.1501398281472464,
                        0.11773345187896432,
                        0.09089974180123146,
                        0.06415553145688548
                    ],
                    [
                        0.3643457615181395,
                        0.2168687332942064,
                        0.1497976060380803,
                        0.11692835120644814,
                        0.08912418938088937,
                        0.06293535856223645
                    ]
                ],
                "motion_vectors_variance": [
                    1.2305719483358222,
                    1.2384550892385475,
                    1.2417598184480088,
                    1.239660002551388,
                    1.2383502818545007,
                    1.2287964083177887
                ],
                "motion_vectors_priors": [
                    0.39501779359430605,
                    0.2918149466192171,
                    0.15658362989323843,
                    0.09252669039145907,
                    0.03558718861209965,
                    0.028469750889679714
                ],
                "init_position_prior": 0.0
            },
            {
                "centroid": [
                    216.0,
                    240.0
                ],
                "x_limits": [
                    144,
                    288
                ],
                "y_limits": [
                    192,
                    288
                ],
                "motion_vectors": [
                    [
                        0.0,
                        0.0
                    ],
                    [
                        0.0,
                        0.0
                    ],
                    [
                        0.0,
                        0.0
                    ],
                    [
                        0.0,
                        0.0
                    ],
                    [
                        0.0,
                        0.0
                    ],
                    [
                        0.0,
                        0.0
                    ]
                ],
                "transition_matrix": [
                    [
                        0.3631246110046924,
                        0.21359136219259603,
                        0.14997086614865413,
                        0.11756178365300868,
                        0.09134047759547868,
                        0.06441089940557022
                    ],
                    [
                        0.3632120503184378,
                        0.21343607146640695,
                        0.1499367646768043,
                        0.11755689876697761,
                        0.09138730880178601,
                        0.06447090596958739
                    ],
                    [
                        0.36321003423333437,
                        0.2134772071348229,
                        0.14992419048477534,
                        0.11757223004732689,
                        0.09135089433455784,
                        0.06446544376518268
                    ],
                    [
                        0.36311453334175414,
                        0.21382567760808419,
                        0.14993990113273767,
                        0.1175984476964926,
                        0.09115753283056727,
                        0.06436390739036413
                    ],
                    [
                        0.3634047045580341,
                        0.21484856978367725,
                        0.14989255767425497,
                        0.11742919295512501,
                        0.09048514471939856,
                        0.06393983030951016
                    ],
                    [
                        0.3657831109905658,
                        0.2177113609444594,
                        0.14942279761522342,
                        0.11631831742278322,
                        0.08833078466392517,
                        0.06243362836304307
                    ]
                ],
                "motion_vectors_variance": [
                    0.40566417792555315,
                    0.40557893577837434,
                    0.40566877344059016,
                    0.40566764418675755,
                    0.40578654971804434,
                    0.4057495516379692
                ],
                "motion_vectors_priors": [
                    0.46861404599129897,
                    0.21379738968303294,
                    0.15910503418272218,
                    0.10130515848353014,
                    0.04599129894344313,
                    0.011187072715972654
                ],
                "init_position_prior": 0.034482758620689655
            },
            {
                "centroid": [
                    216.0,
                    336.0
                ],
                "x_limits": [
                    144,
                    288
                ],
                "y_limits": [
                    288,
                    384
                ],
                "motion_vectors": [
                    [
                        0.0,
                        0.0
                    ],
                    [
                        0.0,
                        0.0
                    ],
                    [
                        0.0,
                        0.0
                    ],
                    [
                        0.0,
                        0.0
                    ],
                    [
                        0.0,
                        0.0
                    ],
                    [
                        0.0,
                        0.0
                    ]
                ],
                "transition_matrix": [
                    [
                        0.3626161802382406,
                        0.21416015495001525,
                        0.1501093476518976,
                        0.11768486536707518,
                        0.09115088960273389,
                        0.0642785621900375
                    ],
                    [
                        0.36278646089538236,
                        0.21400804846373944,
                        0.1500289471389872,
                        0.11768497804196974,
                        0.09113446997101056,
                        0.06435709548891069
                    ],
                    [
                        0.3630099496330821,
                        0.2140528815482852,
                        0.14994729281284705,
                        0.11763524287281935,
                        0.09102572340201713,
                        0.06432890973094933
                    ],
                    [
                        0.36316003355253634,
                        0.2144922278593857,
                        0.1498964913603799,
                        0.11756902767181276,
                        0.09072016464385876,
                        0.06416205491202656
                    ],
                    [
                        0.3639684369120853,
                        0.21578539700883215,
                        0.1497247706273553,
                        0.11717229486308434,
                        0.08979499159108024,
                        0.06355410899756263
                    ],
                    [
                        0.36732696323968167,
                        0.21918045358799512,
                        0.14906488466201928,
                        0.11562963250617922,
                        0.08714307460218718,
                        0.0616549914019374
                    ]
                ],
                "motion_vectors_variance": [
                    1.3368645825990104,
                    1.3367947425180662,
                    1.3369234941882697,
                    1.3369090173889804,
                    1.337065613568778,
                    1.336975211953227
                ],
                "motion_vectors_priors": [
                    0.42356115107913667,
                    0.3300359712230216,
                    0.08723021582733813,
                    0.06654676258992806,
                    0.051258992805755396,
                    0.04136690647482014
                ],
                "init_position_prior": 0.0
            },
            {
                "centroid": [
                    216.0,
                    432.0
                ],
                "x_limits": [
                    144,
                    288
                ],
                "y_limits": [
                    384,
                    480
                ],
                "motion_vectors": [
                    [
                        0.0,
                        0.0
                    ],
                    [
                        0.0,
                        0.0
                    ],
                    [
                        0.0,
                        0.0
                    ],
                    [
                        0.0,
                        0.0
                    ],
                    [
                        0.0,
                        0.0
                    ],
                    [
                        0.0,
                        0.0
                    ]
                ],
                "transition_matrix": [
                    [
                        0.3619761944697165,
                        0.21461067333956416,
                        0.15027566838621603,
                        0.11784922096652124,
                        0.09107209496126964,
                        0.06421614787671223
                    ],
                    [
                        0.3624481057911758,
                        0.21435980182889566,
                        0.1500838927646632,
                        0.11779595301033231,
                        0.09099283719453233,
                        0.06431940941040055
                    ],
                    [
                        0.362790706157826,
                        0.21446401609137802,
                        0.14996646944626246,
                        0.11770735447601208,
                        0.09081244652272359,
                        0.06425900730579792
                    ],
                    [
                        0.36308528551015357,
                        0.21501294868721693,
                        0.14988335871336386,
                        0.11758064372533403,
                        0.09040856427319448,
                        0.06402919909073708
                    ],
                    [
                        0.36424439004549997,
                        0.21652200987417222,
                        0.1496411491651371,
                        0.11703022992037214,
                        0.08928861192292027,
                        0.06327360907189836
                    ],
                    [
                        0.3682344313217231,
                        0.22020228217274024,
                        0.14886379434091582,
                        0.1152162050104724,
                        0.08634936539778712,
                        0.061133921756361245
                    ]
                ],
                "motion_vectors_variance": [
                    0.8533531392424758,
                    0.8531632532535078,
                    0.8529240295925535,
                    0.8530106679545688,
                    0.8528913334119178,
                    0.8533072679596632
                ],
                "motion_vectors_priors": [
                    0.48656716417910445,
                    0.21940298507462686,
                    0.16119402985074627,
                    0.07164179104477612,
                    0.03731343283582089,
                    0.023880597014925373
                ],
                "init_position_prior": 0.10344827586206896
            }
        ],
        [
            {
                "centroid": [
                    360.0,
                    48.0
                ],
                "x_limits": [
                    288,
                    432
                ],
                "y_limits": [
                    0,
                    96
                ],
                "motion_vectors": [
                    [
                        0.0,
                        0.0
                    ],
                    [
                        0.0,
                        0.0
                    ],
                    [
                        0.0,
                        0.0
                    ],
                    [
                        0.0,
                        0.0
                    ],
                    [
                        0.0,
                        0.0
                    ],
                    [
                        0.0,
                        0.0
                    ]
                ],
                "transition_matrix": [
                    [
                        0.3597110597179964,
                        0.21346445263824065,
                        0.15220640897850277,
                        0.11864854456230073,
                        0.09259822468483495,
                        0.06337130941812463
                    ],
                    [
                        0.35360963487287933,
                        0.21581946921522135,
                        0.1550385910662743,
                        0.12055828936948598,
                        0.09314663634200009,
                        0.06182737913413896
                    ],
                    [
                        0.3513563203453287,
                        0.21698498919972167,
                        0.15545610382201533,
                        0.12056777844682798,
                        0.09350706814397351,
                        0.06212774004213262
                    ],
                    [
                        0.3533741164616236,
                        0.2168445150511749,
                        0.15376044205189904,
                        0.1188452757014404,
                        0.09335645210558993,
                        0.06381919862827204
                    ],
                    [
                        0.3571572380118669,
                        0.2163839876075232,
                        0.15179944300272327,
                        0.11677581630075748,
                        0.09260619776669422,
                        0.06527731731043504
                    ],
                    [
                        0.3649799293160172,
                        0.2147850445840329,
                        0.14847632394578458,
                        0.11348115060009412,
                        0.0911275271614564,
                        0.06715002439261457
                    ]
                ],
                "motion_vectors_variance": [
                    1.347887406908945,
                    1.3478694466554983,
                    1.3478290393870125,
                    1.347806511701013,
                    1.3478614875631125,
                    1.3479589457538408
                ],
                "motion_vectors_priors": [
                    0.25323741007194245,
                    0.2489208633093525,
                    0.23597122302158274,
                    0.1971223021582734,
                    0.04028776978417266,
                    0.02446043165467626
                ],
                "init_position_prior": 0.06896551724137931
            },
            {
                "centroid": [
                    360.0,
                    144.0
                ],
                "x_limits": [
                    288,
                    432
                ],
                "y_limits": [
                    96,
                    192
                ],
                "motion_vectors": [
                    [
