{
    "width": 720.0,
    "height": 480.0,
    "nr_nodes": 25,
    "side": 5,
    "x_interval": 144.0,
    "y_interval": 96.0,
    "nr_fields": 4,
    "grid_matrix": [
        [
            {
                "centroid": [
                    72.0,
                    48.0
                ],
                "x_limits": [
                    0,
                    144
                ],
                "y_limits": [
                    0,
                    96
                ],
                "motion_vectors": [
                    [
                        -0.8243700315291735,
                        -0.1285461417362222
                    ],
                    [
                        -0.571304471194424,
                        -0.10230650957312831
                    ],
                    [
                        -0.9325151545996977,
                        0.04663694219969025
                    ],
                    [
                        -0.47518191163016543,
                        0.020043741929146597
                    ]
                ],
                "transition_matrix": [
                    [
                        0.42617079390427104,
                        0.26936187833924674,
                        0.17887316001617928,
                        0.1255941677403029
                    ],
                    [
                        0.4261646766908781,
                        0.26936190872840404,
                        0.17887501067091252,
                        0.12559840390980526
                    ],
                    [
                        0.42616495477616645,
                        0.2693603311051261,
                        0.17887503881877134,
                        0.12559967529993604
                    ],
                    [
                        0.42616683795325916,
                        0.2693597357885395,
                        0.17887338834072794,
                        0.12560003791747343
                    ]
                ],
                "motion_vectors_variance": [
                    1.7020179716074553,
                    1.3899068426039372,
                    1.1422275848954047,
                    1.2321882120953713
                ],
                "motion_vectors_priors": [
                    0.40933572710951527,
                    0.3393177737881508,
                    0.1490125673249551,
                    0.10233393177737882
                ],
                "init_position_prior": 0.047619047619047616
            },
            {
                "centroid": [
                    72.0,
                    144.0
                ],
                "x_limits": [
                    0,
                    144
                ],
                "y_limits": [
                    96,
                    192
                ],
                "motion_vectors": [
                    [
                        -0.4717420359523206,
                        0.11693712621468547
                    ],
                    [
                        1.177977061237112,
                        1.0261589128984876
                    ],
                    [
                        0.4912940054756766,
                        0.005571374516177837
                    ],
                    [
                        0.7619256337934681,
                        2.4878958148477377
                    ]
                ],
                "transition_matrix": [
                    [
                        0.4261914075565244,
                        0.269364693260539,
                        0.17886584429548194,
                        0.1255780548874547
                    ],
                    [
                        0.4261854527455533,
                        0.2693647590687067,
                        0.17886763913697876,
                        0.1255821490487611
                    ],
                    [
                        0.4261857977797414,
                        0.2693631956077367,
                        0.1788676446342814,
                        0.12558336197824047
                    ],
                    [
                        0.42618771086516694,
                        0.26936260517415,
                        0.17886598270524987,
                        0.12558370125543322
                    ]
                ],
                "motion_vectors_variance": [
                    3.215433513405812,
                    2.1635056044266743,
                    5.4822043582662685,
                    6.029178096665112
                ],
                "motion_vectors_priors": [
                    0.2910714285714286,
                    0.28035714285714286,
                    0.25,
                    0.17857142857142858
                ],
                "init_position_prior": 0.09523809523809523
            },
            {
                "centroid": [
                    72.0,
                    240.0
                ],
                "x_limits": [
                    0,
                    144
                ],
                "y_limits": [
                    192,
                    288
                ],
                "motion_vectors": [
                    [
                        0.21709364137815135,
                        -1.8555866331343307
                    ],
                    [
                        -6.8215631840053135,
                        -1.0351989060753426
                    ],
                    [
                        -0.16839815580803794,
                        0.035723120083910126
                    ],
                    [
                        -0.1381858512881731,
                        -2.240617134565534
                    ]
                ],
                "transition_matrix": [
                    [
                        0.4262000074246426,
                        0.26936589023818336,
                        0.17886278782515025,
                        0.12557131451202372
                    ],
                    [
                        0.426194109145891,
                        0.26936596942332036,
                        0.17886456331436718,
                        0.12557535811642156
                    ],
                    [
                        0.42619447788187675,
                        0.2693644113707,
                        0.17886456084121666,
                        0.1255765499062066
                    ],
                    [
                        0.4261964017567501,
                        0.2693638227663513,
                        0.1788628947263018,
                        0.12557688075059695
                    ]
                ],
                "motion_vectors_variance": [
                    7.509691012343911,
                    1.7250170635812625,
                    6.021151996475038,
                    4.0224573857385675
                ],
                "motion_vectors_priors": [
                    0.5047923322683706,
                    0.21405750798722045,
                    0.1853035143769968,
                    0.09584664536741214
                ],
                "init_position_prior": 0.023809523809523808
            },
            {
                "centroid": [
                    72.0,
                    336.0
                ],
                "x_limits": [
                    0,
                    144
                ],
                "y_limits": [
                    288,
                    384
                ],
                "motion_vectors": [
                    [
                        -0.09240054043204131,
                        -0.36913995921402676
                    ],
                    [
                        -0.004936672182098884,
                        -0.2460157135488985
                    ],
                    [
                        0.40386839396789703,
                        0.6293150802239502
                    ],
                    [
                        0.2619468237371868,
                        -0.39691070213176927
                    ]
                ],
                "transition_matrix": [
                    [
                        0.42619101292758016,
                        0.26936472044097465,
                        0.17886597469987847,
                        0.12557829193156675
                    ],
                    [
                        0.42618516933038475,
                        0.26936480178397126,
                        0.17886772987481614,
                        0.12558229901082793
                    ],
                    [
                        0.42618555681136483,
                        0.2693632439296281,
                        0.17886772029967404,
                        0.125583478959333
                    ],
                    [
                        0.4261874869034623,
                        0.2693626558273187,
                        0.17886605228069694,
                        0.1255838049885221
                    ]
                ],
                "motion_vectors_variance": [
                    0.7418647142145547,
                    1.605934165239285,
                    1.7473596432060565,
                    0.9823328373232176
                ],
                "motion_vectors_priors": [
                    0.3333333333333333,
                    0.25,
                    0.20833333333333334,
                    0.20833333333333334
                ],
                "init_position_prior": 0.023809523809523808
            },
            {
                "centroid": [
                    72.0,
                    432.0
                ],
                "x_limits": [
                    0,
                    144
                ],
                "y_limits": [
                    384,
                    480
                ],
                "motion_vectors": [
                    [
                        0.042117230305777034,
                        0.027106123371003897
                    ],
                    [
                        -1.0698079026385394,
                        -0.7706672632883056
                    ],
                    [
                        -0.0814918231405232,
                        -0.11493813590986642
                    ],
                    [
                        -0.05343140309461891,
                        0.15734694248504877
                    ]
                ],
                "transition_matrix": [
                    [
                        0.42616993411841175,
                        0.2693619343977026,
                        0.1788734446228916,
                        0.12559468686099404
                    ],
                    [
                        0.42616406355918857,
                        0.26936199929026716,
                        0.17887520722712746,
                        0.12559872992341697
                    ],
                    [
                        0.4261644363688007,
                        0.2693604340486112,
                        0.17887520174733498,
                        0.12559992783525312
                    ],
                    [
                        0.42616635752914345,
                        0.2693598439328342,
                        0.17887353764507632,
                        0.12560026089294588
                    ]
                ],
                "motion_vectors_variance": [
                    13.116504460737644,
                    0.8854068610103563,
                    1.3225318073300285,
                    35.91530521335862
                ],
                "motion_vectors_priors": [
                    0.39090909090909093,
                    0.29393939393939394,
                    0.17575757575757575,
                    0.1393939393939394
                ],
                "init_position_prior": 0.047619047619047616
            }
        ],
        [
            {
                "centroid": [
                    216.0,
                    48.0
                ],
                "x_limits": [
                    144,
                    288
                ],
                "y_limits": [
                    0,
                    96
                ],
                "motion_vectors": [
                    [
                        -2.3165469038438378,
                        -0.7841973590191232
                    ],
                    [
                        -2.8503046474282763,
                        -1.2539235273643654
                    ],
                    [
                        -1.1151607056280317,
                        0.6871158585651351
                    ],
                    [
                        -0.08920697694816804,
                        2.0251489944839944
                    ]
                ],
                "transition_matrix": [
                    [
                        0.4258706563349312,
                        0.2693215404901751,
                        0.17897959991842916,
                        0.1258282032564646
                    ],
                    [
                        0.42586359035241317,
                        0.26932125501951754,
                        0.17898175832727756,
                        0.12583339630079168
                    ],
                    [
                        0.4258634421014492,
                        0.2693195425535623,
                        0.17898192205951233,
                        0.1258350932854762
                    ],
                    [
                        0.4258651105289633,
                        0.2693189062550023,
                        0.17898035891982814,
                        0.12583562429620632
                    ]
                ],
                "motion_vectors_variance": [
                    8.566688610731333,
                    0.7468096499397204,
                    0.7986561576769315,
                    4.845241013054431
                ],
                "motion_vectors_priors": [
                    0.40594059405940597,
                    0.24356435643564356,
                    0.18613861386138614,
                    0.16435643564356436
                ],
                "init_position_prior": 0.09523809523809523
            },
            {
                "centroid": [
                    216.0,
                    144.0
                ],
                "x_limits": [
                    144,
                    288
                ],
                "y_limits": [
                    96,
                    192
                ],
                "motion_vectors": [
                    [
                        -1.4153853272915828,
                        0.1681896649238226
                    ],
                    [
                        -1.1363167738608468,
                        0.15676062636097898
                    ],
                    [
                        -0.8480287247757555,
                        -0.027660593181877968
                    ],
                    [
                        -0.8776468019399927,
                        0.22786177492450155
                    ]
                ],
                "transition_matrix": [
                    [
                        0.42588394560023796,
                        0.2693233549693742,
                        0.17897491286748465,
                        0.1258177865629031
                    ],
                    [
                        0.42587705779346213,
                        0.26932310216971866,
                        0.17897700941079134,
                        0.1258228306260278
                    ],
                    [
                        0.4258769798984109,
                        0.2693214025032676,
                        0.17897714895286168,
                        0.12582446864545985
                    ],
                    [
                        0.425878678464837,
                        0.2693207708155916,
                        0.17897557462037997,
                        0.1258249760991914
                    ]
                ],
                "motion_vectors_variance": [
                    1.8128288356425886,
                    1.0586089162283827,
                    1.8884841075404935,
                    3.3217591919100045
                ],
                "motion_vectors_priors": [
                    0.4444444444444444,
                    0.31216931216931215,
                    0.15343915343915343,
                    0.08994708994708994
                ],
                "init_position_prior": 0.0
            },
            {
                "centroid": [
                    216.0,
                    240.0
                ],
                "x_limits": [
                    144,
                    288
                ],
                "y_limits": [
                    192,
                    288
                ],
                "motion_vectors": [
                    [
                        -0.024103615561258396,
                        0.32127149728943194
                    ],
                    [
                        -10.535002242803992,
                        -1.2995345360084847
                    ],
                    [
                        -1.887314842848914,
                        -0.11458194958806751
                    ],
                    [
                        -0.07370261465075856,
                        1.4319826563822304
                    ]
                ],
                "transition_matrix": [
                    [
                        0.4258894352987711,
                        0.26932412990314075,
                        0.1789729743303063,
                        0.12581346046778188
                    ],
                    [
                        0.42588263811542065,
                        0.2693238930731524,
                        0.1789750392242679,
                        0.12581842958715914
                    ],
                    [
                        0.42588259602524986,
                        0.2693221995848777,
                        0.17897516638610955,
                        0.12582003800376299
                    ],
                    [
                        0.42588430977037617,
                        0.2693215701873647,
                        0.17897358644295996,
                        0.12582053359929912
                    ]
                ],
                "motion_vectors_variance": [
                    37.18550216004171,
                    1.8921128716357931,
                    12.695732186683665,
                    5.615479995139354
                ],
                "motion_vectors_priors": [
                    0.5672268907563025,
                    0.28361344537815125,
                    0.08403361344537816,
                    0.06512605042016807
                ],
                "init_position_prior": 0.0
            },
            {
                "centroid": [
                    216.0,
                    336.0
                ],
                "x_limits": [
                    144,
                    288
                ],
                "y_limits": [
                    288,
                    384
                ],
                "motion_vectors": [
                    [
                        -0.034361039676316985,
                        -0.298779262772371
                    ],
                    [
                        2.492656603272759,
                        1.627835527273636
                    ],
                    [
                        0.07823562831032012,
                        0.30037292487058304
                    ],
                    [
                        -0.8285242542297465,
                        -0.0660299503455262
                    ]
                ],
                "transition_matrix": [
                    [
                        0.42588333569555203,
                        0.2693233709409304,
                        0.17897511751764933,
                        0.12581817584586827
                    ],
                    [
                        0.425876660713402,
                        0.2693231474629004,
                        0.17897713835664755,
                        0.12582305346704997
                    ],
                    [
                        0.4258766636034713,
                        0.26932145846505684,
                        0.1789772492606966,
                        0.12582462867077523
                    ],
                    [
                        0.4258783945342998,
                        0.2693208311781599,
                        0.17897566338034873,
                        0.1258251109071916
                    ]
                ],
                "motion_vectors_variance": [
                    49.602678970113566,
                    3.1071745583407204,
                    67.36056302269157,
                    4.20916994990295
                ],
                "motion_vectors_priors": [
                    0.5027027027027027,
                    0.1891891891891892,
                    0.17027027027027028,
                    0.13783783783783785
                ],
                "init_position_prior": 0.0
            },
            {
                "centroid": [
                    216.0,
                    432.0
                ],
                "x_limits": [
                    144,
                    288
                ],
                "y_limits": [
                    384,
                    480
                ],
                "motion_vectors": [
                    [
                        -0.5556459212732263,
                        0.11852962515297709
                    ],
                    [
                        1.3288579128649873,
                        0.4319538580998367
                    ],
                    [
                        -0.256497846074472,
                        -0.027686164421116988
                    ],
                    [
                        0.07460366873236508,
                        0.2069532326231578
                    ]
                ],
                "transition_matrix": [
                    [
                        0.42586945686412353,
                        0.26932158871788436,
                        0.17898000053800997,
                        0.1258289538799822
                    ],
                    [
                        0.42586278343500106,
                        0.269321357505162,
                        0.17898201917403062,
                        0.12583383988580638
                    ],
                    [
                        0.42586278443115755,
                        0.26931966476824887,
                        0.17898212996318674,
                        0.1258354208374068
                    ],
                    [
                        0.42586451266355846,
                        0.269319036629156,
                        0.17898054546171438,
                        0.12583590524557112
                    ]
                ],
                "motion_vectors_variance": [
                    5.393657889033646,
                    0.6325364912671247,
                    4.642952925732606,
                    6.468092704163993
                ],
                "motion_vectors_priors": [
                    0.39703903095558546,
                    0.2732166890982503,
                    0.1816958277254374,
                    0.1480484522207268
                ],
                "init_position_prior": 0.0
            }
        ],
        [
            {
                "centroid": [
                    360.0,
                    48.0
                ],
                "x_limits": [
                    288,
                    432
                ],
                "y_limits": [
                    0,
                    96
                ],
                "motion_vectors": [
                    [
                        1.8777289801508446,
                        -0.48863356855368645
                    ],
                    [
                        -2.611046034190686,
                        -0.059711101194738096
                    ],
                    [
                        -6.28939142336772,
                        -0.7932781158662375
                    ],
                    [
                        0.5834504535535594,
                        -0.11766688538854586
                    ]
                ],
                "transition_matrix": [
                    [
                        0.4253333301520016,
                        0.26924980853504293,
                        0.1791695927271116,
                        0.1262472685858439
                    ],
                    [
                        0.42532465105085004,
                        0.2692489746745244,
                        0.17917226911880704,
                        0.1262541051558185
                    ],
                    [
                        0.4253237715694303,
                        0.26924702729353145,
                        0.17917266324221556,
                        0.12625653789482275
                    ],
                    [
                        0.42532506889087535,
                        0.26924631987289455,
                        0.17917125095268338,
                        0.12625736028354667
                    ]
                ],
                "motion_vectors_variance": [
                    2.102222133136319,
                    1.919315295760758,
                    1.52664447146736,
                    2.232416579184756
                ],
                "motion_vectors_priors": [
                    0.3759124087591241,
                    0.29927007299270075,
                    0.2864963503649635,
                    0.03832116788321168
                ],
                "init_position_prior": 0.09523809523809523
            },
            {
                "centroid": [
                    360.0,
                    144.0
                ],
                "x_limits": [
                    288,
                    432
                ],
                "y_limits": [
                    96,
                    192
                ],
                "motion_vectors": [
                    [
                        1.485657722710164,
                        -0.6025072904407683
                    ],
                    [
                        -6.344047107048835,
                        0.08709930526998111
                    ],
                    [
                        0.323580287030937,
                        0.3271955626141676
                    ],
                    [
                        -0.2764436219670326,
                        0.14795772332092455
                    ]
                ],
                "transition_matrix": [
                    [
                        0.4253331472492864,
                        0.26924981058785113,
                        0.17916969078683234,
                        0.1262473513760302
                    ],
                    [
                        0.42532471186182413,
                        0.26924900979625094,
                        0.1791722809248667,
                        0.12625399741705834
                    ],
                    [
                        0.4253239240223862,
                        0.26924707457941127,
                        0.17917264267411373,
                        0.12625635872408886
                    ],
                    [
                        0.42532525804093485,
                        0.26924637210708785,
                        0.17917121738192315,
                        0.1262571524700542
                    ]
                ],
                "motion_vectors_variance": [
                    2.1138391700234878,
                    1.7343580244918204,
                    2.9862272516310284,
                    12.334345691232862
                ],
                "motion_vectors_priors": [
                    0.4619289340101523,
                    0.24619289340101522,
                    0.1700507614213198,
                    0.1218274111675127
                ],
                "init_position_prior": 0.023809523809523808
            },
            {
                "centroid": [
                    360.0,
                    240.0
                ],
                "x_limits": [
                    288,
                    432
                ],
                "y_limits": [
                    192,
                    288
                ],
                "motion_vectors": [
                    [
                        -0.8644885419731665,
                        -0.0370370667426275
                    ],
                    [
                        -1.29578800829983,
                        0.002043704701106916
                    ],
                    [
                        -1.5309348630371384,
                        -0.011490382419745981
                    ],
                    [
                        -0.6896073552625623,
                        -0.04373592294677703
                    ]
                ],
                "transition_matrix": [
                    [
                        0.42533297178159674,
                        0.26924982390936997,
                        0.17916976578371616,
                        0.1262474385253173
                    ],
                    [
                        0.42532466742161495,
                        0.2692490409307832,
                        0.17917230954152447,
                        0.12625398210607736
                    ],
                    [
                        0.4253239290312422,
                        0.2692471122724342,
                        0.1791726538279396,
                        0.12625630486838393
                    ],
                    [
                        0.4253252828635984,
                        0.2692464124818039,
                        0.17917122151290496,
                        0.12625708314169273
                    ]
                ],
                "motion_vectors_variance": [
                    2.83267466390958,
                    1.141070297890282,
                    1.4877389642238754,
                    1.1723974725063464
                ],
                "motion_vectors_priors": [
                    0.4546783625730994,
                    0.3611111111111111,
                    0.13742690058479531,
                    0.04678362573099415
                ],
                "init_position_prior": 0.07142857142857142
            },
            {
                "centroid": [
                    360.0,
                    336.0
                ],
                "x_limits": [
                    288,
                    432
                ],
                "y_limits": [
                    288,
                    384
                ],
                "motion_vectors": [
                    [
                        -2.0518425857934224,
                        0.05059059175872458
                    ],
                    [
                        -3.936188589381344,
                        0.379629076189821
                    ],
                    [
                        3.9956387577491475,
                        0.13467769232658194
                    ],
                    [
                        0.7289785583931501,
                        0.15103614637475882
                    ]
                ],
                "transition_matrix": [
                    [
                        0.42533242475251315,
                        0.26924981830989253,
                        0.1791699343799394,
                        0.12624782255765493
                    ],
                    [
                        0.4253242608584505,
                        0.26924905462957444,
                        0.1791724282647021,
                        0.12625425624727307
                    ],
                    [
                        0.4253235747411806,
                        0.26924713305793424,
                        0.1791727539935046,
                        0.1262565382073806
                    ],
                    [
                        0.42532494944380556,
                        0.2692464361003702,
                        0.17917131425693342,
                        0.12625730019889084
                    ]
                ],
                "motion_vectors_variance": [
                    8.592702702663273,
                    1.0216749407216006,
                    3.449008602419356,
                    1.1200387112078956
                ],
                "motion_vectors_priors": [
                    0.276218611521418,
                    0.258493353028065,
                    0.2363367799113737,
                    0.22895125553914328
                ],
                "init_position_prior": 0.0
            },
            {
                "centroid": [
                    360.0,
                    432.0
                ],
                "x_limits": [
                    288,
                    432
                ],
                "y_limits": [
                    384,
                    480
                ],
                "motion_vectors": [
                    [
                        0.6271471589928099,
                        -0.45579505221093086
                    ],
                    [
                        1.9925625692245463,
                        0.4193732635071178
                    ],
                    [
                        5.060268329985407,
                        -0.4408893998982984
                    ],
                    [
                        -1.0847093320518097,
                        0.06925906040812901
                    ]
                ],
                "transition_matrix": [
                    [
                        0.425331724270364,
                        0.2692498169289952,
                        0.17917013541313834,
                        0.12624832338750244
                    ],
                    [
                        0.4253236612326948,
                        0.2692490671987796,
                        0.17917259321291407,
                        0.12625467835561147
                    ],
                    [
                        0.42532301355613367,
                        0.2692471507383933,
                        0.1791729052433926,
                        0.12625693046208047
                    ],
                    [
                        0.425324403672228,
                        0.26924645590057944,
                        0.17917145997226355,
                        0.12625768045492888
                    ]
                ],
                "motion_vectors_variance": [
                    0.9832349251064275,
                    1.1739829371083272,
                    1.8158754903905983,
                    7.688433514922589
                ],
                "motion_vectors_priors": [
                    0.4180478821362799,
                    0.3314917127071823,
                    0.19060773480662985,
                    0.05985267034990792
                ],
                "init_position_prior": 0.14285714285714285
            }
        ],
        [
            {
                "centroid": [
                    504.0,
                    48.0
                ],
                "x_limits": [
                    432,
                    576
                ],
                "y_limits": [
                    0,
                    96
                ],
                "motion_vectors": [
                    [
                        -1.613986743035347,
                        -5.55871164166798
                    ],
                    [
                        -4.291160097606127,
                        -6.913590115321393
                    ],
                    [
                        0.4081396594441318,
                        2.237063378208834
                    ],
                    [
                        -0.4406298558594726,
                        0.9049057614345625
                    ]
                ],
                "transition_matrix": [
                    [
                        0.4247896290495931,
                        0.2691778015880017,
                        0.17936114919258786,
                        0.12667142016981733
                    ],
                    [
                        0.42477923072859086,
                        0.2691764076449803,
                        0.1793643770452771,
                        0.12667998458115184
                    ],
                    [
                        0.4247775794080779,
                        0.2691742207894675,
                        0.17936501433996715,
                        0.1266831854624874
                    ],
                    [
                        0.42477848909121596,
                        0.26917344030654017,
                        0.17936375802662274,
                        0.12668431257562118
                    ]
                ],
                "motion_vectors_variance": [
                    2.041607917712824,
                    2.075875155447722,
                    1.4621637858198844,
                    158.29720523120784
                ],
                "motion_vectors_priors": [
                    0.6994818652849741,
                    0.16580310880829016,
                    0.07512953367875648,
                    0.05958549222797927
                ],
                "init_position_prior": 0.023809523809523808
            },
            {
                "centroid": [
                    504.0,
                    144.0
                ],
                "x_limits": [
                    432,
                    576
                ],
                "y_limits": [
                    96,
                    192
                ],
                "motion_vectors": [
                    [
                        -0.28503761111702053,
                        -0.07252011264453229
                    ],
                    [
                        -0.8505882796464482,
                        0.3399906474378599
                    ],
                    [
                        2.006004253156693,
                        -0.8142962993851848
                    ],
                    [
                        0.7287679654956832,
                        -0.33017066342550866
                    ]
                ],
                "transition_matrix": [
                    [
                        0.4247756564290309,
                        0.2691759918238697,
                        0.17936608422760938,
                        0.12668226751948994
                    ],
                    [
                        0.42476542368363235,
                        0.269174612255534,
                        0.17936925209995191,
                        0.12669071196088177
                    ],
                    [
                        0.4247638304677315,
                        0.26917242985499756,
                        0.17936986809318464,
                        0.12669387158408627
                    ],
                    [
                        0.42476476135849267,
                        0.2691716517131445,
                        0.17936860474798538,
                        0.1266949821803774
                    ]
                ],
                "motion_vectors_variance": [
                    5.7180992172334815,
                    4.862411505550223,
                    4.5617224832839725,
                    116.50620582981276
