{
    "width": 720.0,
    "height": 480.0,
    "nr_nodes": 25,
    "side": 5,
    "x_interval": 144.0,
    "y_interval": 96.0,
    "nr_fields": 6,
    "grid_matrix": [
        [
            {
                "centroid": [
                    72.0,
                    48.0
                ],
                "x_limits": [
                    0,
                    144
                ],
                "y_limits": [
                    0,
                    96
                ],
                "motion_vectors": [
                    [
                        0.0,
                        0.0
                    ],
                    [
                        0.0,
                        0.0
                    ],
                    [
                        0.0,
                        0.0
                    ],
                    [
                        0.0,
                        0.0
                    ],
                    [
                        0.0,
                        0.0
                    ],
                    [
                        0.0,
                        0.0
                    ]
                ],
                "transition_matrix": [
                    [
                        0.35331817832515977,
                        0.21041884760703508,
                        0.1537385218783922,
                        0.11911073073334744,
                        0.10069555379418786,
                        0.0627181676618778
                    ],
                    [
                        0.3537202422176387,
                        0.2106567510968702,
                        0.15337281458988458,
                        0.11882557222804417,
                        0.1005449800370605,
                        0.06287963983050188
                    ],
                    [
                        0.34830823430509816,
                        0.21026037107259177,
                        0.15522265817840603,
                        0.12190988752356971,
                        0.10151213330231124,
                        0.06278671561802299
                    ],
                    [
                        0.3390084744354494,
                        0.20927879001453456,
                        0.15857431475789216,
                        0.12732643903420574,
                        0.10344978975078857,
                        0.062362192007129696
                    ],
                    [
                        0.33187488914669316,
                        0.2080675460724459,
                        0.16118792787007796,
                        0.13150020983028649,
                        0.10524448351342652,
                        0.06212494356707005
                    ],
                    [
                        0.31194913327982726,
                        0.2054682346460101,
                        0.168458318960726,
                        0.14277927626730366,
                        0.10991966105338465,
                        0.06142537579274844
                    ]
                ],
                "motion_vectors_variance": [
                    1.517242948003949,
                    1.5171952141970004,
                    1.5171415535008839,
                    1.517092657068469,
                    1.5171353319861436,
                    1.5171944481964263
                ],
                "motion_vectors_priors": [
                    0.3267504488330341,
                    0.21543985637342908,
                    0.20646319569120286,
                    0.09515260323159784,
                    0.0807899461400359,
                    0.07540394973070018
                ],
                "init_position_prior": 0.047619047619047616
            },
            {
                "centroid": [
                    72.0,
                    144.0
                ],
                "x_limits": [
                    0,
                    144
                ],
                "y_limits": [
                    96,
                    192
                ],
                "motion_vectors": [
                    [
                        0.0,
                        0.0
                    ],
                    [
                        0.0,
                        0.0
                    ],
                    [
                        0.0,
                        0.0
                    ],
                    [
                        0.0,
                        0.0
                    ],
                    [
                        0.0,
                        0.0
                    ],
                    [
                        0.0,
                        0.0
                    ]
                ],
                "transition_matrix": [
                    [
                        0.3517743992928075,
                        0.2103131073748763,
                        0.15431788965919946,
                        0.11991337974984476,
                        0.10098507548280597,
                        0.06269614844046617
                    ],
                    [
                        0.3535677133214065,
                        0.21060416269041293,
                        0.1534601156979041,
                        0.11890529906127953,
                        0.10059690406369642,
                        0.06286580516530045
                    ],
                    [
                        0.34877652016387806,
                        0.21029190891831617,
                        0.1550630934134246,
                        0.12166379253821373,
                        0.10142553349564364,
                        0.06277915147052397
                    ],
                    [
                        0.3395606156142098,
                        0.20932448642770451,
                        0.15837373480302863,
                        0.1270429052071179,
                        0.10334321648482933,
                        0.06235504146310989
                    ],
                    [
                        0.33241602820168775,
                        0.20812223642612881,
                        0.1609911851383813,
                        0.13123017908845627,
                        0.10513445881184458,
                        0.062105912333501184
                    ],
                    [
                        0.3122564810114747,
                        0.20550265157445377,
                        0.16834637530081606,
                        0.14264538828473833,
                        0.10985692101097849,
                        0.06139218281753862
                    ]
                ],
                "motion_vectors_variance": [
                    1.9910242817936747,
                    1.991077668354918,
                    1.9911470551600512,
                    1.9912128127434805,
                    1.9911385683029732,
                    1.991085193827141
                ],
                "motion_vectors_priors": [
                    0.20535714285714285,
                    0.19285714285714287,
                    0.17142857142857143,
                    0.17142857142857143,
                    0.14464285714285716,
                    0.11428571428571428
                ],
                "init_position_prior": 0.09523809523809523
            },
            {
                "centroid": [
                    72.0,
                    240.0
                ],
                "x_limits": [
                    0,
                    144
                ],
                "y_limits": [
                    192,
                    288
                ],
                "motion_vectors": [
                    [
                        0.0,
                        0.0
                    ],
                    [
                        0.0,
                        0.0
                    ],
                    [
                        0.0,
                        0.0
                    ],
                    [
                        0.0,
                        0.0
                    ],
                    [
                        0.0,
                        0.0
                    ],
                    [
                        0.0,
                        0.0
                    ]
                ],
                "transition_matrix": [
                    [
                        0.35120640016172366,
                        0.21029635075056505,
                        0.1545402710570088,
                        0.12017159032708741,
                        0.101083014635641,
                        0.06270237306797412
                    ],
                    [
                        0.3534947345906984,
                        0.21063334188116103,
                        0.15348561637026087,
                        0.11890366483275096,
                        0.10059416024796419,
                        0.06288848207716462
                    ],
                    [
                        0.34859908145837004,
                        0.21032304101314225,
                        0.1551112142758273,
                        0.12175588569559981,
                        0.10143592457757662,
                        0.06277485297948415
                    ],
                    [
                        0.3390079920368584,
                        0.20930825091976804,
                        0.15855598518130837,
                        0.12737298898037264,
                        0.10344686023466824,
                        0.062307922647024346
                    ],
                    [
                        0.3317516738651178,
                        0.20807010714113655,
                        0.16121977677103985,
                        0.1316400321972172,
                        0.1052812758102183,
                        0.06203713421527045
                    ],
                    [
                        0.31163915352445104,
                        0.20544189253204415,
                        0.16856550655286273,
                        0.1430502941042889,
                        0.11000321203986509,
                        0.06129994124648819
                    ]
                ],
                "motion_vectors_variance": [
                    1.7580355192346233,
                    1.7579805093906868,
                    1.7579406700261928,
                    1.7579329808584907,
                    1.7579365429781133,
                    1.7580036470414975
                ],
                "motion_vectors_priors": [
                    0.3738019169329074,
                    0.19488817891373802,
                    0.1501597444089457,
                    0.13738019169329074,
                    0.11501597444089456,
                    0.02875399361022364
                ],
                "init_position_prior": 0.023809523809523808
            },
            {
                "centroid": [
                    72.0,
                    336.0
                ],
                "x_limits": [
                    0,
                    144
                ],
                "y_limits": [
                    288,
                    384
                ],
                "motion_vectors": [
                    [
                        0.0,
                        0.0
                    ],
                    [
                        0.0,
                        0.0
                    ],
                    [
                        0.0,
                        0.0
                    ],
                    [
                        0.0,
                        0.0
                    ],
                    [
                        0.0,
                        0.0
                    ],
                    [
                        0.0,
                        0.0
                    ]
                ],
                "transition_matrix": [
                    [
                        0.3498137593449045,
                        0.21023082741127322,
                        0.15506587386287926,
                        0.12083901501622998,
                        0.10132961023718141,
                        0.06272091412753159
                    ],
                    [
                        0.3531073177449998,
                        0.2107040958311542,
                        0.15359456610708536,
                        0.11902983153864508,
                        0.10061416329706883,
                        0.06295002548104679
                    ],
                    [
                        0.3476813077060809,
                        0.21034423068932476,
                        0.15539979959988137,
                        0.1222328461727332,
                        0.10156104905135087,
                        0.06278076678062891
                    ],
                    [
                        0.3373680109225817,
                        0.20923173923658447,
                        0.15911363153183497,
                        0.1282935742292706,
                        0.10375613807902381,
                        0.06223690600070443
                    ],
                    [
                        0.329940145292505,
                        0.2079191550072256,
                        0.1618519227831491,
                        0.13267914599125274,
                        0.10566984459636761,
                        0.06193978632949992
                    ],
                    [
                        0.31017900316519204,
                        0.20529393351294145,
                        0.16908635887275517,
                        0.1439207294750785,
                        0.11033776392790638,
                        0.06118221104612649
                    ]
                ],
                "motion_vectors_variance": [
                    0.44861804321107907,
                    0.44862218208979504,
                    0.4486249212494951,
                    0.4486272333515647,
                    0.44862405743362094,
                    0.4486226482759881
                ],
                "motion_vectors_priors": [
                    0.22916666666666666,
                    0.20833333333333334,
                    0.20833333333333334,
                    0.20833333333333334,
                    0.125,
                    0.020833333333333332
                ],
                "init_position_prior": 0.023809523809523808
            },
            {
                "centroid": [
                    72.0,
                    432.0
                ],
                "x_limits": [
                    0,
                    144
                ],
                "y_limits": [
                    384,
                    480
                ],
                "motion_vectors": [
                    [
                        0.0,
                        0.0
                    ],
                    [
                        0.0,
                        0.0
                    ],
                    [
                        0.0,
                        0.0
                    ],
                    [
                        0.0,
                        0.0
                    ],
                    [
                        0.0,
                        0.0
                    ],
                    [
                        0.0,
                        0.0
                    ]
                ],
                "transition_matrix": [
                    [
                        0.3497908630705591,
                        0.21029022816696574,
                        0.15508873442379126,
                        0.12074102643327192,
                        0.10130674997061476,
                        0.0627823979347972
                    ],
                    [
                        0.3529445568955267,
                        0.21083977749126262,
                        0.15359202692519638,
                        0.11902880805746706,
                        0.1005661561486683,
                        0.06302867448187906
                    ],
                    [
                        0.34648049572162654,
                        0.2103427220456188,
                        0.15578600500283526,
                        0.12285980542207552,
                        0.1017409273344909,
                        0.06279004447335305
                    ],
                    [
                        0.33551777111151754,
                        0.20912988567721819,
                        0.15975305249358088,
                        0.12931579386792166,
                        0.10410732007764302,
                        0.062176176772118716
                    ],
                    [
                        0.3280012505167458,
                        0.20774940573616546,
                        0.16253493610764586,
                        0.13376533369010649,
                        0.10608184254614135,
                        0.061867231403195236
                    ],
                    [
                        0.3087832619964108,
                        0.20515011464893632,
                        0.16958601877361115,
                        0.1447219302581558,
                        0.11065228945545351,
                        0.06110638486743245
                    ]
                ],
                "motion_vectors_variance": [
                    0.8314865877846602,
                    0.8313861819424314,
                    0.831266813422722,
                    0.8311603617779766,
                    0.8312693818561351,
                    0.8313911179740576
                ],
                "motion_vectors_priors": [
                    0.3,
                    0.20303030303030303,
                    0.16666666666666666,
                    0.16666666666666666,
                    0.10303030303030303,
                    0.06060606060606061
                ],
                "init_position_prior": 0.047619047619047616
            }
        ],
        [
            {
                "centroid": [
                    216.0,
                    48.0
                ],
                "x_limits": [
                    144,
                    288
                ],
                "y_limits": [
                    0,
                    96
                ],
                "motion_vectors": [
                    [
                        0.0,
                        0.0
                    ],
                    [
                        0.0,
                        0.0
                    ],
                    [
                        0.0,
                        0.0
                    ],
                    [
                        0.0,
                        0.0
                    ],
                    [
                        0.0,
                        0.0
                    ],
                    [
                        0.0,
                        0.0
                    ]
                ],
                "transition_matrix": [
                    [
                        0.3378928401663276,
                        0.2092574449129678,
                        0.15904618363008818,
                        0.1275199247678395,
                        0.10376939094977987,
                        0.06251421557299691
                    ],
                    [
                        0.34362466187051977,
                        0.20935693978531672,
                        0.15734978526954604,
                        0.12415686726628129,
                        0.10294867265794945,
                        0.06256307315038656
                    ],
                    [
                        0.35658018568086963,
                        0.21083884740936762,
                        0.15249846776467602,
                        0.11696500829856978,
                        0.10026005511576813,
                        0.06285743573074884
                    ],
                    [
                        0.3664185239582953,
                        0.21181184007286927,
                        0.1486892431427665,
                        0.11169172571937559,
                        0.098174979448052,
                        0.06321368765864147
                    ],
                    [
                        0.37242370885737636,
                        0.21269109549588844,
                        0.14647152460751375,
                        0.10871587620835263,
                        0.09670069786003549,
                        0.06299709697083332
                    ],
                    [
                        0.37963901022731417,
                        0.21336526505721784,
                        0.14385561138276717,
                        0.10531403530571534,
                        0.09517299581355328,
                        0.06265308221343226
                    ]
                ],
                "motion_vectors_variance": [
                    0.3877766657287713,
                    0.3877206953678068,
                    0.3876749492987491,
                    0.38760483009268054,
                    0.387669210562571,
                    0.38770974708821804
                ],
                "motion_vectors_priors": [
                    0.31683168316831684,
                    0.20594059405940593,
                    0.15841584158415842,
                    0.11683168316831684,
                    0.100990099009901,
                    0.100990099009901
                ],
                "init_position_prior": 0.09523809523809523
            },
            {
                "centroid": [
                    216.0,
                    144.0
                ],
                "x_limits": [
                    144,
                    288
                ],
                "y_limits": [
                    96,
                    192
                ],
                "motion_vectors": [
                    [
                        0.0,
                        0.0
                    ],
                    [
                        0.0,
                        0.0
                    ],
                    [
                        0.0,
                        0.0
                    ],
                    [
                        0.0,
                        0.0
                    ],
                    [
                        0.0,
                        0.0
                    ],
                    [
                        0.0,
                        0.0
                    ]
                ],
                "transition_matrix": [
                    [
                        0.33770288011502164,
                        0.2094110192580662,
                        0.15920184513312466,
                        0.12734234750096465,
                        0.10378467752552635,
                        0.06255723046729655
                    ],
                    [
                        0.34498526269594015,
                        0.20952330976373923,
                        0.15691005893574358,
                        0.12325627328853274,
                        0.10271185419841644,
                        0.06261324111762781
                    ],
                    [
                        0.357967557811735,
                        0.21100152822358162,
                        0.1520098792412709,
                        0.11615062553848693,
                        0.09998897822794298,
                        0.0628814309569824
                    ],
                    [
                        0.36723064043175807,
                        0.21189533101857042,
                        0.14839966370375376,
                        0.11123703152255535,
                        0.09802801665981295,
                        0.06320931666354951
                    ],
                    [
                        0.3729093156601829,
                        0.21272864301171063,
                        0.1463086179386179,
                        0.1084555361240426,
                        0.09662883859611618,
                        0.0629690486693299
                    ],
                    [
                        0.3796210043181033,
                        0.2133513409158943,
                        0.1438850107117274,
                        0.10531877168557398,
                        0.09520872265648322,
                        0.06261514971221768
                    ]
                ],
                "motion_vectors_variance": [
                    1.1446009217456945,
                    1.1446969900995003,
                    1.1448147750949267,
                    1.1449142468690132,
                    1.1448020324258628,
                    1.1447115549358524
                ],
                "motion_vectors_priors": [
                    0.42857142857142855,
                    0.24338624338624337,
                    0.08994708994708994,
                    0.08465608465608465,
                    0.08465608465608465,
                    0.06878306878306878
                ],
                "init_position_prior": 0.0
            },
            {
                "centroid": [
                    216.0,
                    240.0
                ],
                "x_limits": [
                    144,
                    288
                ],
                "y_limits": [
                    192,
                    288
                ],
                "motion_vectors": [
                    [
                        0.0,
                        0.0
                    ],
                    [
                        0.0,
                        0.0
                    ],
                    [
                        0.0,
                        0.0
                    ],
                    [
                        0.0,
                        0.0
                    ],
                    [
                        0.0,
                        0.0
                    ],
                    [
                        0.0,
                        0.0
                    ]
                ],
                "transition_matrix": [
                    [
                        0.33743347075553415,
                        0.20982017447796772,
                        0.15950582237951555,
                        0.1267844574356645,
                        0.10378174051490044,
                        0.06267433443641778
                    ],
                    [
                        0.3477380325702514,
                        0.20987358861820535,
                        0.15601814677392062,
                        0.12142992033321377,
                        0.10222759492792732,
                        0.06271271677648158
                    ],
                    [
                        0.3605615453036726,
                        0.21130797726614547,
                        0.15110077780979583,
                        0.11462450081671012,
                        0.09948349000935713,
                        0.06292170879431885
                    ],
                    [
                        0.3686889085307735,
                        0.21204276511226167,
                        0.1478854593477899,
                        0.11041883160031134,
                        0.09776882723812538,
                        0.0631952081707382
                    ],
                    [
                        0.3737581688382333,
                        0.21278846958511546,
                        0.14603073584702506,
                        0.1079998792902472,
                        0.09651011538662713,
                        0.06291263105275188
                    ],
                    [
                        0.379575444358001,
                        0.21331830837440366,
                        0.14394847888914555,
                        0.10533552524615405,
                        0.09528015253098278,
                        0.06254209060131294
                    ]
                ],
                "motion_vectors_variance": [
                    1.301864408962965,
                    1.3028171498649022,
                    1.3041149497577067,
                    1.3055784552326384,
                    1.303961154027683,
                    1.3029040060819879
                ],
                "motion_vectors_priors": [
                    0.41386554621848737,
                    0.23739495798319327,
                    0.14915966386554622,
                    0.08403361344537816,
                    0.06512605042016807,
                    0.05042016806722689
                ],
                "init_position_prior": 0.0
            },
            {
                "centroid": [
                    216.0,
                    336.0
                ],
                "x_limits": [
                    144,
                    288
                ],
                "y_limits": [
                    288,
                    384
                ],
                "motion_vectors": [
                    [
                        0.0,
                        0.0
                    ],
                    [
                        0.0,
                        0.0
                    ],
                    [
                        0.0,
                        0.0
                    ],
                    [
                        0.0,
                        0.0
                    ],
                    [
                        0.0,
                        0.0
                    ],
                    [
                        0.0,
                        0.0
                    ]
                ],
                "transition_matrix": [
                    [
                        0.33730285997092785,
                        0.2101685545817809,
                        0.15973474495217102,
                        0.12626457804127075,
                        0.10376796752937394,
                        0.06276129492447553
                    ],
                    [
                        0.3498748579516244,
                        0.21015342387649374,
                        0.15532772206648363,
                        0.12001838333751286,
                        0.1018488480956743,
                        0.06277676467221122
                    ],
                    [
                        0.36243695956852273,
                        0.2115240485496142,
                        0.15045500023763908,
                        0.11352586643233431,
                        0.0991242276238322,
                        0.06293389758805736
                    ],
                    [
                        0.3697062068532434,
                        0.2121350900885883,
                        0.1475412545504791,
                        0.10985141102679807,
                        0.09759959152504445,
                        0.06316644595584658
                    ],
                    [
                        0.3743414697150941,
                        0.21281513651039888,
                        0.1458559664305535,
                        0.10769006670191109,
                        0.09644242465563636,
                        0.0628549359864063
                    ],
                    [
                        0.3795459547466878,
                        0.21327859687218295,
                        0.1440084932933979,
                        0.10535134802649977,
                        0.09534191744378123,
                        0.06247368961745036
                    ]
                ],
                "motion_vectors_variance": [
                    2.008715378859949,
                    2.008780026929461,
                    2.008886680216972,
                    2.0091016682904357,
                    2.0088948284845873,
                    2.008812227792726
                ],
                "motion_vectors_priors": [
                    0.43243243243243246,
                    0.17027027027027028,
                    0.15675675675675677,
                    0.1,
                    0.0918918918918919,
                    0.04864864864864865
                ],
                "init_position_prior": 0.0
            },
            {
                "centroid": [
                    216.0,
                    432.0
                ],
                "x_limits": [
                    144,
                    288
                ],
                "y_limits": [
                    384,
                    480
                ],
                "motion_vectors": [
                    [
                        0.0,
                        0.0
                    ],
                    [
                        0.0,
                        0.0
                    ],
                    [
                        0.0,
                        0.0
                    ],
                    [
                        0.0,
                        0.0
                    ],
                    [
                        0.0,
                        0.0
                    ],
                    [
                        0.0,
                        0.0
                    ]
                ],
                "transition_matrix": [
                    [
                        0.33735825249572404,
                        0.21034010337062684,
                        0.1597915586553491,
                        0.1259656421747201,
                        0.10373914265203103,
                        0.06280530065154882
                    ],
                    [
                        0.3507836036784295,
                        0.2102806311359871,
                        0.1550329848939737,
                        0.11941616614883263,
                        0.10168471124282603,
                        0.06280190289995083
                    ],
                    [
                        0.3631848785067522,
                        0.21161097197197942,
                        0.1502011497280027,
                        0.11308622341282915,
                        0.09898234896767391,
                        0.06293442741276266
                    ],
                    [
                        0.37009557158908163,
                        0.2121677501694175,
                        0.1474145678561012,
                        0.1096336199258301,
                        0.09753890630856993,
                        0.06314958415099968
                    ],
                    [
                        0.37455704526640954,
                        0.21281968853868063,
                        0.1457975389492015,
                        0.1075756568736731,
                        0.09642327634031614,
                        0.06282679403171898
                    ],
                    [
                        0.3795266461552486,
                        0.2132563129018328,
                        0.14404049182707518,
                        0.10536284337260203,
                        0.0953723721360915,
                        0.06244133360714988
                    ]
                ],
                "motion_vectors_variance": [
                    0.5618096576598252,
                    0.5618110605083085,
                    0.561822210019173,
                    0.5618369816828245,
                    0.5618219161696683,
                    0.5617880505053299
                ],
                "motion_vectors_priors": [
                    0.27052489905787347,
                    0.20861372812920592,
                    0.17362045760430686,
                    0.15074024226110364,
                    0.1480484522207268,
                    0.04845222072678331
                ],
                "init_position_prior": 0.0
            }
        ],
        [
            {
                "centroid": [
                    360.0,
                    48.0
                ],
                "x_limits": [
                    288,
                    432
                ],
                "y_limits": [
                    0,
                    96
                ],
                "motion_vectors": [
                    [
                        0.0,
                        0.0
                    ],
                    [
                        0.0,
                        0.0
                    ],
                    [
                        0.0,
                        0.0
                    ],
                    [
                        0.0,
                        0.0
                    ],
                    [
                        0.0,
                        0.0
                    ],
                    [
                        0.0,
                        0.0
                    ]
                ],
                "transition_matrix": [
                    [
                        0.36940434328092,
                        0.21155148091640089,
                        0.14787953733066966,
                        0.1106181542890866,
                        0.09771752521571984,
                        0.06282895896720302
                    ],
                    [
                        0.3583539845917481,
                        0.21177000683332023,
                        0.15162345364810098,
                        0.11595006271874321,
                        0.09944478529194523,
                        0.0628577069161421
                    ],
                    [
                        0.3455348355178338,
                        0.2102741704300426,
                        0.15655689385926255,
                        0.12280635639359165,
                        0.10218849015173731,
                        0.06263925364753228
                    ],
                    [
                        0.33773994955349235,
                        0.2093102705910693,
                        0.15967987043060833,
                        0.12716531503105,
                        0.10380306293687024,
                        0.06230153145690976
                    ],
                    [
                        0.33294077412071515,
                        0.20835462458010048,
                        0.16145248658128983,
                        0.12974185803229535,
                        0.10499313789706004,
                        0.06251711878853916
                    ],
                    [
                        0.327845664209862,
                        0.2075741436064542,
                        0.1633194519945356,
                        0.13240712090168563,
                        0.1060508773878237,
                        0.06280274189963889
                    ]
                ],
                "motion_vectors_variance": [
                    1.1263152640722827,
                    1.1260975657886412,
                    1.1259881698244971,
                    1.125969155152124,
                    1.1260266962565326,
                    1.1259880070892216
                ],
                "motion_vectors_priors": [
                    0.3175182481751825,
                    0.2718978102189781,
                    0.16605839416058393,
                    0.13686131386861314,
                    0.072992700729927,
                    0.03467153284671533
                ],
                "init_position_prior": 0.09523809523809523
            },
            {
                "centroid": [
                    360.0,
                    144.0
                ],
                "x_limits": [
                    288,
                    432
                ],
                "y_limits": [
                    96,
                    192
                ],
                "motion_vectors": [
                    [
                        0.0,
