{
    "width": 720.0,
    "height": 480.0,
    "nr_nodes": 16,
    "side": 4,
    "x_interval": 180.0,
    "y_interval": 120.0,
    "nr_fields": 6,
    "grid_matrix": [
        [
            {
                "centroid": [
                    90.0,
                    60.0
                ],
                "x_limits": [
                    0,
                    180
                ],
                "y_limits": [
                    0,
                    120
                ],
                "motion_vectors": [
                    [
                        0.0,
                        0.0
                    ],
                    [
                        0.0,
                        0.0
                    ],
                    [
                        0.0,
                        0.0
                    ],
                    [
                        0.0,
                        0.0
                    ],
                    [
                        0.0,
                        0.0
                    ],
                    [
                        0.0,
                        0.0
                    ]
                ],
                "transition_matrix": [
                    [
                        0.2674723319935028,
                        0.21676224175754033,
                        0.17514716987849124,
                        0.15226250522114937,
                        0.11482274973291784,
                        0.07353300141639854
                    ],
                    [
                        0.2677502711481409,
                        0.2167254410277314,
                        0.17511632844244743,
                        0.15199616265705534,
                        0.11461413952815658,
                        0.07379765719646852
                    ],
                    [
                        0.26828154856279984,
                        0.21660705292415267,
                        0.1752778098116009,
                        0.15141748635717592,
                        0.11413062793086809,
                        0.07428547441340261
                    ],
                    [
                        0.26866616320375564,
                        0.2166203875372391,
                        0.17588161858011278,
                        0.15102110572313365,
                        0.11349505281725654,
                        0.07431567213850229
                    ],
                    [
                        0.26989357745903175,
                        0.21617090625983362,
                        0.17755155273758244,
                        0.14888600954389852,
                        0.11204269427413405,
                        0.07545525972551965
                    ],
                    [
                        0.2726849391715069,
                        0.215534061736655,
                        0.18060709440243308,
                        0.14446996624947994,
                        0.10853424274735136,
                        0.07816969569257379
                    ]
                ],
                "motion_vectors_variance": [
                    1.5282714948201261,
                    1.528300587851041,
                    1.5282901637764312,
                    1.5283432611595527,
                    1.5283303827452541,
                    1.5282031629933488
                ],
                "motion_vectors_priors": [
                    0.2998624484181568,
                    0.22420907840440166,
                    0.19807427785419532,
                    0.1361760660247593,
                    0.07702888583218707,
                    0.06464924346629987
                ],
                "init_position_prior": 0.07142857142857142
            },
            {
                "centroid": [
                    90.0,
                    180.0
                ],
                "x_limits": [
                    0,
                    180
                ],
                "y_limits": [
                    120,
                    240
                ],
                "motion_vectors": [
                    [
                        0.0,
                        0.0
                    ],
                    [
                        0.0,
                        0.0
                    ],
                    [
                        0.0,
                        0.0
                    ],
                    [
                        0.0,
                        0.0
                    ],
                    [
                        0.0,
                        0.0
                    ],
                    [
                        0.0,
                        0.0
                    ]
                ],
                "transition_matrix": [
                    [
                        0.26676121605274683,
                        0.2169466769017876,
                        0.17531275056694207,
                        0.15306811259931627,
                        0.11521467557716426,
                        0.07269656830204309
                    ],
                    [
                        0.26719996896282705,
                        0.21686999860274192,
                        0.1752380115028075,
                        0.15262659714164972,
                        0.11491900423428639,
                        0.07314641955568739
                    ],
                    [
                        0.26791652697974805,
                        0.2167049397966532,
                        0.17536134797468525,
                        0.15184446992535003,
                        0.11432877747066182,
                        0.07384393785290164
                    ],
                    [
                        0.2683931707356312,
                        0.21669877530042114,
                        0.17596610264806783,
                        0.15134523133338534,
                        0.11362834483077507,
                        0.07396837515171946
                    ],
                    [
                        0.269822181457132,
                        0.21619015342324835,
                        0.17761893109275026,
                        0.1489524687975088,
                        0.11205909819554619,
                        0.07535716703381429
                    ],
                    [
                        0.27280330091228067,
                        0.21551039002295835,
                        0.18065583338653002,
                        0.14429603469158606,
                        0.10843283907124977,
                        0.07830160191539504
                    ]
                ],
                "motion_vectors_variance": [
                    1.8118073133550052,
                    1.8117949849366417,
                    1.8118184419849415,
                    1.8117731593978939,
                    1.8117653430957688,
                    1.8118201192647685
                ],
                "motion_vectors_priors": [
                    0.26005361930294907,
                    0.19302949061662197,
                    0.14745308310991956,
                    0.1380697050938338,
                    0.13270777479892762,
                    0.128686327077748
                ],
                "init_position_prior": 0.07142857142857142
            },
            {
                "centroid": [
                    90.0,
                    300.0
                ],
                "x_limits": [
                    0,
                    180
                ],
                "y_limits": [
                    240,
                    360
                ],
                "motion_vectors": [
                    [
                        0.0,
                        0.0
                    ],
                    [
                        0.0,
                        0.0
                    ],
                    [
                        0.0,
                        0.0
                    ],
                    [
                        0.0,
                        0.0
                    ],
                    [
                        0.0,
                        0.0
                    ],
                    [
                        0.0,
                        0.0
                    ]
                ],
                "transition_matrix": [
                    [
                        0.2659903990509856,
                        0.2171359383404877,
                        0.1753145312848538,
                        0.15397062922874574,
                        0.11573769671452379,
                        0.07185080538040328
                    ],
                    [
                        0.2666448733461732,
                        0.2170139074787348,
                        0.17524007228531105,
                        0.15329234928607816,
                        0.11528760247181127,
                        0.07252119513189147
                    ],
                    [
                        0.2676039434524308,
                        0.21679062427253587,
                        0.17537932681201418,
                        0.15223797593126046,
                        0.11451965461387541,
                        0.07346847491788333
                    ],
                    [
                        0.2682034837512861,
                        0.21676664224200498,
                        0.1760476764438822,
                        0.15159925282947126,
                        0.11369657824491392,
                        0.07368636648844146
                    ],
                    [
                        0.2698803486878902,
                        0.21617551972539092,
                        0.17775583601594672,
                        0.14884643622100435,
                        0.11195858967889225,
                        0.07538326967087558
                    ],
                    [
                        0.273066748295821,
                        0.21545411609538168,
                        0.18078417965042784,
                        0.14391478592621684,
                        0.10819533755290854,
                        0.07858483247924414
                    ]
                ],
                "motion_vectors_variance": [
                    2.4001263315117183,
                    2.3999963950423484,
                    2.39986251976277,
                    2.3998789800616276,
                    2.4000149982821064,
                    2.4005304090722563
                ],
                "motion_vectors_priors": [
                    0.30158730158730157,
                    0.24603174603174602,
                    0.20634920634920634,
                    0.12698412698412698,
                    0.07142857142857142,
                    0.047619047619047616
                ],
                "init_position_prior": 0.023809523809523808
            },
            {
                "centroid": [
                    90.0,
                    420.0
                ],
                "x_limits": [
                    0,
                    180
                ],
                "y_limits": [
                    360,
                    480
                ],
                "motion_vectors": [
                    [
                        0.0,
                        0.0
                    ],
                    [
                        0.0,
                        0.0
                    ],
                    [
                        0.0,
                        0.0
                    ],
                    [
                        0.0,
                        0.0
                    ],
                    [
                        0.0,
                        0.0
                    ],
                    [
                        0.0,
                        0.0
                    ]
                ],
                "transition_matrix": [
                    [
                        0.2653554184713014,
                        0.2173055622361249,
                        0.17560029466082813,
                        0.15467442950481095,
                        0.116013630307534,
                        0.0710506648194005
                    ],
                    [
                        0.26620604220994404,
                        0.2171330701711346,
                        0.17542944570016467,
                        0.15378883662285747,
                        0.1154819145111663,
                        0.0719606907847328
                    ],
                    [
                        0.2673631973837228,
                        0.21685977464188505,
                        0.17549466291228194,
                        0.1525231817847686,
                        0.11461790144736812,
                        0.07314128182997352
                    ],
                    [
                        0.2680612983670701,
                        0.2168135390584322,
                        0.17613907242939067,
                        0.15177704682727353,
                        0.11373825884552867,
                        0.0734707844723047
                    ],
                    [
                        0.2699399597574354,
                        0.21616151219319926,
                        0.17779118317093484,
                        0.1487678248736057,
                        0.11190295878472852,
                        0.07543656122009636
                    ],
                    [
                        0.27328836239932147,
                        0.21540416693789466,
                        0.18076524535361177,
                        0.14362735832302043,
                        0.10806084817374986,
                        0.07885401881240169
                    ]
                ],
                "motion_vectors_variance": [
                    0.7817685022044406,
                    0.7817925689261056,
                    0.781768656905195,
                    0.7818322148824669,
                    0.7818305004680404,
                    0.7817214911360395
                ],
                "motion_vectors_priors": [
                    0.24603174603174602,
                    0.2037037037037037,
                    0.19576719576719576,
                    0.1349206349206349,
                    0.12433862433862433,
                    0.09523809523809523
                ],
                "init_position_prior": 0.07142857142857142
            }
        ],
        [
            {
                "centroid": [
                    270.0,
                    60.0
                ],
                "x_limits": [
                    180,
                    360
                ],
                "y_limits": [
                    0,
                    120
                ],
                "motion_vectors": [
                    [
                        0.0,
                        0.0
                    ],
                    [
                        0.0,
                        0.0
                    ],
                    [
                        0.0,
                        0.0
                    ],
                    [
                        0.0,
                        0.0
                    ],
                    [
                        0.0,
                        0.0
                    ],
                    [
                        0.0,
                        0.0
                    ]
                ],
                "transition_matrix": [
                    [
                        0.2687589040728837,
                        0.21654895889638995,
                        0.17691817955662098,
                        0.15051075766279354,
                        0.11296515989632933,
                        0.07429803991498239
                    ],
                    [
                        0.2682915210826947,
                        0.21662464900744216,
                        0.17693148861824254,
                        0.15100728864804147,
                        0.11332751622289332,
                        0.07381753642068567
                    ],
                    [
                        0.2678808787476247,
                        0.21672109444780008,
                        0.17654011543009324,
                        0.15152543392657153,
                        0.1138595029019068,
                        0.07347297454600361
                    ],
                    [
                        0.2676867805174151,
                        0.21663213136496143,
                        0.17553885155372037,
                        0.15177159100965304,
                        0.11458674772230718,
                        0.07378389783194288
                    ],
                    [
                        0.2682633867251032,
                        0.21660646941788145,
                        0.17239051971953873,
                        0.15206748349877944,
                        0.1155482399979232,
                        0.0751239006407741
                    ],
                    [
                        0.27150452924216223,
                        0.21544847808537704,
                        0.16553898499389336,
                        0.1489825123144103,
                        0.11701189642337928,
                        0.08151359894077798
                    ]
                ],
                "motion_vectors_variance": [
                    0.7447538546651996,
                    0.7447990491024735,
                    0.7448256700348309,
                    0.744852319108942,
                    0.744811261008895,
                    0.7446303653142424
                ],
                "motion_vectors_priors": [
                    0.3293768545994065,
                    0.15281899109792285,
                    0.14836795252225518,
                    0.13353115727002968,
                    0.1261127596439169,
                    0.10979228486646884
                ],
                "init_position_prior": 0.09523809523809523
            },
            {
                "centroid": [
                    270.0,
                    180.0
                ],
                "x_limits": [
                    180,
                    360
                ],
                "y_limits": [
                    120,
                    240
                ],
                "motion_vectors": [
                    [
                        0.0,
                        0.0
                    ],
                    [
                        0.0,
                        0.0
                    ],
                    [
                        0.0,
                        0.0
                    ],
                    [
                        0.0,
                        0.0
                    ],
                    [
                        0.0,
                        0.0
                    ],
                    [
                        0.0,
                        0.0
                    ]
                ],
                "transition_matrix": [
                    [
                        0.2676076119608294,
                        0.21684977086107102,
                        0.17707857275219469,
                        0.15183782738582016,
                        0.11365865875264602,
                        0.07296755828743876
                    ],
                    [
                        0.2673755104196036,
                        0.21686327132863345,
                        0.1770364186482806,
                        0.15207835622462262,
                        0.11388991214328226,
                        0.07275653123557736
                    ],
                    [
                        0.26730586426692304,
                        0.216875206095114,
                        0.1765597843533792,
                        0.15222804735992088,
                        0.11423403414598332,
                        0.07279706377867963
                    ],
                    [
                        0.2672884931613952,
                        0.21674285920203282,
                        0.17551525368708823,
                        0.15227800895576238,
                        0.11486186169275876,
                        0.07331352330096275
                    ],
                    [
                        0.268315734721773,
                        0.21659380238760703,
                        0.17222380000192714,
                        0.15202774611815023,
                        0.11560319904419149,
                        0.07523571772635099
                    ],
                    [
                        0.27196580460930364,
                        0.21533559081567827,
                        0.16522260226122257,
                        0.14841342896091003,
                        0.11687130437672211,
                        0.08219126897616333
                    ]
                ],
                "motion_vectors_variance": [
                    0.6941346243995303,
                    0.694113307773027,
                    0.6941299631604034,
                    0.6940821322561269,
                    0.6940836206415893,
                    0.6941747777016916
                ],
                "motion_vectors_priors": [
                    0.22429906542056074,
                    0.19158878504672897,
                    0.16121495327102803,
                    0.14953271028037382,
                    0.14953271028037382,
                    0.12383177570093458
                ],
                "init_position_prior": 0.0
            },
            {
                "centroid": [
                    270.0,
                    300.0
                ],
                "x_limits": [
                    180,
                    360
                ],
                "y_limits": [
                    240,
                    360
                ],
                "motion_vectors": [
                    [
                        0.0,
                        0.0
                    ],
                    [
                        0.0,
                        0.0
                    ],
                    [
                        0.0,
                        0.0
                    ],
                    [
                        0.0,
                        0.0
                    ],
                    [
                        0.0,
                        0.0
                    ],
                    [
                        0.0,
                        0.0
                    ]
                ],
                "transition_matrix": [
                    [
                        0.26538227854803975,
                        0.21743797293014522,
                        0.1773932945681366,
                        0.15440956435958494,
                        0.11499138695829678,
                        0.07038550263579683
                    ],
                    [
                        0.26583587638652656,
                        0.21726552303200447,
                        0.1771948997230413,
                        0.15389286363428067,
                        0.11484549831207243,
                        0.07096533891207446
                    ],
                    [
                        0.2664957612117843,
                        0.2170949510148254,
                        0.17651293081485758,
                        0.1532553511552779,
                        0.11480393795073662,
                        0.07183706785251816
                    ],
                    [
                        0.26682510130748976,
                        0.2168703296155412,
                        0.17534338988411516,
                        0.1529163273200684,
                        0.11526095475871972,
                        0.07278389711406591
                    ],
                    [
                        0.26862902234072394,
                        0.21651342486480118,
                        0.1717513042430807,
                        0.15173694922092457,
                        0.11564156581549773,
                        0.07572773351497188
                    ],
                    [
                        0.2728742657514682,
                        0.21510872318805105,
                        0.16455559725505778,
                        0.14731552055363456,
                        0.11661559707884488,
                        0.08353029617294361
                    ]
                ],
                "motion_vectors_variance": [
                    2.1241908811360637,
                    2.1241685638709593,
                    2.124418235578776,
                    2.1240868542402978,
                    2.123947111754934,
                    2.1240886946281288
                ],
                "motion_vectors_priors": [
                    0.2875,
                    0.2767857142857143,
                    0.14285714285714285,
                    0.12142857142857143,
                    0.09107142857142857,
                    0.08035714285714286
                ],
                "init_position_prior": 0.0
            },
            {
                "centroid": [
                    270.0,
                    420.0
                ],
                "x_limits": [
                    180,
                    360
                ],
                "y_limits": [
                    360,
                    480
                ],
                "motion_vectors": [
                    [
                        0.0,
                        0.0
                    ],
                    [
                        0.0,
                        0.0
                    ],
                    [
                        0.0,
                        0.0
                    ],
                    [
                        0.0,
                        0.0
                    ],
                    [
                        0.0,
                        0.0
                    ],
                    [
                        0.0,
                        0.0
                    ]
                ],
                "transition_matrix": [
                    [
                        0.26449660519854146,
                        0.21767155629342536,
                        0.1775335738279563,
                        0.15542759315944107,
                        0.11551456423523801,
                        0.06935610728539782
                    ],
                    [
                        0.2651874753880582,
                        0.21743503446798235,
                        0.1772737849785534,
                        0.15465234425905866,
                        0.11524161764104178,
                        0.07020974326530571
                    ],
                    [
                        0.2661258589120597,
                        0.21719546585797048,
                        0.1765103081987935,
                        0.15371646542828635,
                        0.11505376245850234,
                        0.0713981391443878
                    ],
                    [
                        0.2665944822302767,
                        0.21693467362262187,
                        0.17529388364134388,
                        0.15322117742242303,
                        0.11543966152702755,
                        0.07251612155630696
                    ],
                    [
                        0.26871744619285326,
                        0.2164910609701642,
                        0.17158038900132166,
                        0.15165575684067006,
                        0.11567282925526272,
                        0.07588251773972811
                    ],
                    [
                        0.2732228747867605,
                        0.2150227552924769,
                        0.16429224870184894,
                        0.14688796074504115,
                        0.11652185455736525,
                        0.08405230591650735
                    ]
                ],
                "motion_vectors_variance": [
                    0.6135605589312025,
                    0.6135466403289709,
                    0.6135546872437148,
                    0.6135276003086957,
                    0.613530048342104,
                    0.6135901415740983
                ],
                "motion_vectors_priors": [
                    0.3031301482701812,
                    0.20483250961010435,
                    0.15760571114772104,
                    0.14387699066447007,
                    0.11092806150466776,
                    0.07962657880285558
                ],
                "init_position_prior": 0.11904761904761904
            }
        ],
        [
            {
                "centroid": [
                    450.0,
                    60.0
                ],
                "x_limits": [
                    360,
                    540
                ],
                "y_limits": [
                    0,
                    120
                ],
                "motion_vectors": [
                    [
                        0.0,
                        0.0
                    ],
                    [
                        0.0,
                        0.0
                    ],
                    [
                        0.0,
                        0.0
                    ],
                    [
                        0.0,
                        0.0
                    ],
                    [
                        0.0,
                        0.0
                    ],
                    [
                        0.0,
                        0.0
                    ]
                ],
                "transition_matrix": [
                    [
                        0.26217120400037375,
                        0.2181889232845313,
                        0.17711749663415746,
                        0.15813217885644587,
                        0.11733581049947406,
                        0.06705438672501744
                    ],
                    [
                        0.26188462637763965,
                        0.21827948410535386,
                        0.1772974498617669,
                        0.15844117727058982,
                        0.11742620464283723,
                        0.06667105774181253
                    ],
                    [
                        0.2616318888584261,
                        0.21834756123975083,
                        0.17750076586622376,
                        0.1587045522269229,
                        0.11748924654233989,
                        0.06632598526633658
                    ],
                    [
                        0.2615011241761555,
                        0.2183958039857578,
                        0.17767254814479502,
                        0.15884594519595377,
                        0.11748451892117127,
                        0.06610005957616655
                    ],
                    [
                        0.26123952989801424,
                        0.21845098929636,
                        0.17795589888019922,
                        0.15908128528092494,
                        0.11753336134334463,
                        0.06573893530115688
                    ],
                    [
                        0.2609702968563966,
                        0.2185143649437661,
                        0.17813898160377448,
                        0.1593671328783502,
                        0.11759469754515225,
                        0.0654145261725604
                    ]
                ],
                "motion_vectors_variance": [
                    0.8176492788674953,
                    0.8176647055255556,
                    0.8176710780323206,
                    0.8176815624076322,
                    0.8176704475648744,
                    0.817601364942171
                ],
                "motion_vectors_priors": [
                    0.2915057915057915,
                    0.24517374517374518,
                    0.21428571428571427,
                    0.20270270270270271,
                    0.02895752895752896,
                    0.017374517374517374
                ],
                "init_position_prior": 0.14285714285714285
            },
            {
                "centroid": [
                    450.0,
                    180.0
                ],
                "x_limits": [
                    360,
                    540
                ],
                "y_limits": [
                    120,
                    240
                ],
                "motion_vectors": [
                    [
                        0.0,
                        0.0
                    ],
                    [
                        0.0,
                        0.0
                    ],
                    [
                        0.0,
                        0.0
                    ],
                    [
                        0.0,
                        0.0
                    ],
                    [
                        0.0,
                        0.0
                    ],
                    [
                        0.0,
                        0.0
                    ]
                ],
                "transition_matrix": [
                    [
                        0.2610933207033536,
                        0.21849495830948043,
                        0.17786758869381916,
                        0.1593058170594975,
                        0.11768592386890425,
                        0.06555239136494499
                    ],
                    [
                        0.2610293849178771,
                        0.21850323944312772,
                        0.17788305662413167,
                        0.15935733996353932,
                        0.11771110942715438,
                        0.06551586962416989
                    ],
                    [
                        0.2609650926464092,
                        0.21853190795180372,
                        0.1778901864878173,
                        0.15940249249051544,
                        0.11772924277714049,
                        0.06548107764631389
                    ],
                    [
                        0.26093578401675005,
                        0.21853892528948363,
                        0.17789948972837402,
                        0.15942568170775287,
                        0.11773679010524404,
                        0.06546332915239542
                    ],
                    [
                        0.26090991740783037,
                        0.21854228156302116,
                        0.17791401841499252,
                        0.15944625328355666,
                        0.11774128526656685,
                        0.06544624406403253
                    ],
                    [
                        0.2609800859497804,
                        0.21852264675636568,
                        0.1779176654375274,
                        0.159393008209278,
                        0.11771187117612618,
                        0.0654747224709224
                    ]
                ],
                "motion_vectors_variance": [
                    3.1473215862220734,
                    3.147316765517743,
                    3.14731451088658,
                    3.1473112470887474,
                    3.1473148516124123,
                    3.147338761339607
                ],
                "motion_vectors_priors": [
                    0.39274924471299094,
                    0.24773413897280966,
                    0.1691842900302115,
                    0.09063444108761329,
                    0.054380664652567974,
                    0.045317220543806644
                ],
                "init_position_prior": 0.0
            },
            {
                "centroid": [
                    450.0,
                    300.0
                ],
                "x_limits": [
                    360,
                    540
                ],
                "y_limits": [
                    240,
                    360
                ],
                "motion_vectors": [
                    [
                        0.0,
                        0.0
                    ],
                    [
                        0.0,
                        0.0
                    ],
                    [
                        0.0,
                        0.0
                    ],
                    [
                        0.0,
                        0.0
                    ],
                    [
                        0.0,
                        0.0
                    ],
                    [
                        0.0,
                        0.0
                    ]
                ],
                "transition_matrix": [
                    [
                        0.26108454783175733,
                        0.21849744290758727,
                        0.17787384157364736,
                        0.15931520548339392,
                        0.11768858074333069,
                        0.06554038146028346
                    ],
                    [
                        0.26102080430945884,
                        0.21850551222595152,
                        0.17788915879980896,
                        0.1593664142733036,
                        0.11771376877023206,
                        0.06550434162124515
                    ],
                    [
                        0.260956561873102,
                        0.21853421903230907,
                        0.1778955546795082,
                        0.15941149377421945,
                        0.11773219426754122,
                        0.06546997637331996
                    ],
                    [
                        0.2609276520168598,
                        0.21854088551167222,
                        0.17790286342806874,
                        0.1594341892493897,
                        0.11774055596397778,
                        0.06545385383003183
                    ],
                    [
                        0.2609036059882524,
                        0.21854405144268296,
                        0.1779114364744016,
                        0.15945408641686434,
                        0.11774638953451748,
                        0.06544043014328127
                    ],
                    [
                        0.2609833288198749,
                        0.21852268088947277,
                        0.17789701403622177,
                        0.15939284794832864,
                        0.1177213925464394,
                        0.06548273575966257
                    ]
                ],
                "motion_vectors_variance": [
                    0.8851879720513826,
                    0.8852074311236405,
                    0.8852128161238985,
                    0.8852281842559558,
                    0.8852165485249743,
                    0.8851255024454004
                ],
                "motion_vectors_priors": [
                    0.2601063829787234,
                    0.21861702127659574,
                    0.17819148936170212,
                    0.1601063829787234,
                    0.11808510638297873,
                    0.06489361702127659
                ],
                "init_position_prior": 0.16666666666666666
            },
            {
                "centroid": [
                    450.0,
                    420.0
                ],
                "x_limits": [
                    360,
                    540
                ],
                "y_limits": [
                    360,
                    480
                ],
                "motion_vectors": [
