{
    "width": 720.0,
    "height": 480.0,
    "nr_nodes": 16,
    "side": 4,
    "x_interval": 180.0,
    "y_interval": 120.0,
    "nr_fields": 4,
    "grid_matrix": [
        [
            {
                "centroid": [
                    90.0,
                    60.0
                ],
                "x_limits": [
                    0,
                    180
                ],
                "y_limits": [
                    0,
                    120
                ],
                "motion_vectors": [
                    [
                        -0.3338651975636262,
                        -0.09646324489094446
                    ],
                    [
                        -0.36615196084798507,
                        0.0016479809013716373
                    ],
                    [
                        -0.2018927180422303,
                        -0.020106456188189237
                    ],
                    [
                        -0.07500566529842001,
                        -0.03701023431979872
                    ]
                ],
                "transition_matrix": [
                    [
                        0.3978877960815572,
                        0.27189649964433926,
                        0.1979298058483599,
                        0.1322858984257436
                    ],
                    [
                        0.39788357509396094,
                        0.2719119052820418,
                        0.19792811336755545,
                        0.1322764062564418
                    ],
                    [
                        0.39788509433386854,
                        0.27191405920814377,
                        0.19792732865806303,
                        0.13227351779992463
                    ],
                    [
                        0.39788676347503416,
                        0.2719163033254581,
                        0.19792478842170003,
                        0.1322721447778077
                    ]
                ],
                "motion_vectors_variance": [
                    1.5163588710033788,
                    1.6600194012237783,
                    1.589341264053282,
                    1.3486931280211951
                ],
                "motion_vectors_priors": [
                    0.38239339752407153,
                    0.33975240715268223,
                    0.14580467675378267,
                    0.13204951856946354
                ],
                "init_position_prior": 0.07142857142857142
            },
            {
                "centroid": [
                    90.0,
                    180.0
                ],
                "x_limits": [
                    0,
                    180
                ],
                "y_limits": [
                    120,
                    240
                ],
                "motion_vectors": [
                    [
                        0.3532632576576848,
                        -0.9196264861840794
                    ],
                    [
                        0.22803927405577004,
                        0.10788449194125627
                    ],
                    [
                        1.1608621318537091,
                        0.4566383285291944
                    ],
                    [
                        0.6690501981265116,
                        0.3934770199178044
                    ]
                ],
                "transition_matrix": [
                    [
                        0.3978817959620761,
                        0.2718856041815424,
                        0.19792869410542227,
                        0.1323039057509591
                    ],
                    [
                        0.3978775455006174,
                        0.2719009335348574,
                        0.19792699695153412,
                        0.13229452401299097
                    ],
                    [
                        0.3978790504344819,
                        0.2719030565496692,
                        0.1979262107155645,
                        0.13229168230028437
                    ],
                    [
                        0.3978807097899443,
                        0.27190528019320753,
                        0.1979236705009098,
                        0.13229033951593838
                    ]
                ],
                "motion_vectors_variance": [
                    1.8069431148405959,
                    11.699739636135241,
                    4.064119223775058,
                    2.0161728840892
                ],
                "motion_vectors_priors": [
                    0.26005361930294907,
                    0.2520107238605898,
                    0.2453083109919571,
                    0.24262734584450402
                ],
                "init_position_prior": 0.07142857142857142
            },
            {
                "centroid": [
                    90.0,
                    300.0
                ],
                "x_limits": [
                    0,
                    180
                ],
                "y_limits": [
                    240,
                    360
                ],
                "motion_vectors": [
                    [
                        -6.212783891123411,
                        -0.7202777727445521
                    ],
                    [
                        0.7140158358860206,
                        0.8312834661244932
                    ],
                    [
                        -1.2060043697341167,
                        0.9566257425228721
                    ],
                    [
                        -0.2878531928397159,
                        -0.5019755288337389
                    ]
                ],
                "transition_matrix": [
                    [
                        0.3978818038923627,
                        0.27188561912304676,
                        0.19792869552535725,
                        0.1323038814592334
                    ],
                    [
                        0.39787754927360935,
                        0.2719009402256158,
                        0.19792699764380844,
                        0.13229451285696647
                    ],
                    [
                        0.3978790524102629,
                        0.27190306005645215,
                        0.19792621108810995,
                        0.13229167644517492
                    ],
                    [
                        0.3978807106533525,
                        0.2719052817283575,
                        0.19792367067514002,
                        0.13229033694315007
                    ]
                ],
                "motion_vectors_variance": [
                    2.655517439399872,
                    2.873274463954522,
                    4.300755646005774,
                    2.5148581158001817
                ],
                "motion_vectors_priors": [
                    0.5158730158730159,
                    0.23809523809523808,
                    0.15079365079365079,
                    0.09523809523809523
                ],
                "init_position_prior": 0.023809523809523808
            },
            {
                "centroid": [
                    90.0,
                    420.0
                ],
                "x_limits": [
                    0,
                    180
                ],
                "y_limits": [
                    360,
                    480
                ],
                "motion_vectors": [
                    [
                        -0.5240543918257279,
                        0.4216732824064894
                    ],
                    [
                        -0.7088324395686743,
                        0.6004035690826559
                    ],
                    [
                        -0.3109389847192774,
                        0.10705755459841262
                    ],
                    [
                        -0.07073687351574748,
                        0.1068249948730623
                    ]
                ],
                "transition_matrix": [
                    [
                        0.3978878573944403,
                        0.2718966023116722,
                        0.19792981825856978,
                        0.13228572203531755
                    ],
                    [
                        0.3978836029483592,
                        0.2719119556054228,
                        0.19792811905744798,
                        0.1322763223887701
                    ],
                    [
                        0.3978851094224256,
                        0.27191408525421895,
                        0.1979273318204529,
                        0.13227347350290256
                    ],
                    [
                        0.3978867704845968,
                        0.2719163140716757,
                        0.19792478997992968,
                        0.1322721254637978
                    ]
                ],
                "motion_vectors_variance": [
                    4.470419192666098,
                    1.2164191153008879,
                    1.554244891972716,
                    2.0495562549508977
                ],
                "motion_vectors_priors": [
                    0.3201058201058201,
                    0.2804232804232804,
                    0.23809523809523808,
                    0.16137566137566137
                ],
                "init_position_prior": 0.07142857142857142
            }
        ],
        [
            {
                "centroid": [
                    270.0,
                    60.0
                ],
                "x_limits": [
                    180,
                    360
                ],
                "y_limits": [
                    0,
                    120
                ],
                "motion_vectors": [
                    [
                        -4.54240873120552,
                        0.09944198701724206
                    ],
                    [
                        -1.1132206802814595,
                        0.19327902818405063
                    ],
                    [
                        0.17111522199274937,
                        -0.17264997519746295
                    ],
                    [
                        0.6390514340547627,
                        -0.26286305282974853
                    ]
                ],
                "transition_matrix": [
                    [
                        0.3979947918769732,
                        0.27209068820062365,
                        0.19794964229109416,
                        0.1319648776313089
                    ],
                    [
                        0.3979908346121447,
                        0.2721070855924364,
                        0.1979479779695529,
                        0.13195410182586595
                    ],
                    [
                        0.3979925140939385,
                        0.27210960419227115,
                        0.19794720089939133,
                        0.13195068081439898
                    ],
                    [
                        0.39799429702291317,
                        0.27211209492482996,
                        0.19794464780524032,
                        0.13194896024701655
                    ]
                ],
                "motion_vectors_variance": [
                    0.8738528024368568,
                    3.528251162742475,
                    1.7204928665782648,
                    2.236153391542813
                ],
                "motion_vectors_priors": [
                    0.36053412462908013,
                    0.24480712166172106,
                    0.2032640949554896,
                    0.1913946587537092
                ],
                "init_position_prior": 0.09523809523809523
            },
            {
                "centroid": [
                    270.0,
                    180.0
                ],
                "x_limits": [
                    180,
                    360
                ],
                "y_limits": [
                    120,
                    240
                ],
                "motion_vectors": [
                    [
                        1.1754279703590411,
                        -0.7349227276844462
                    ],
                    [
                        0.06025176358598805,
                        -0.4769915482377741
                    ],
                    [
                        -0.3404692725212768,
                        -0.04144617663427008
                    ],
                    [
                        -0.8102854203289299,
                        -0.3613564787392945
                    ]
                ],
                "transition_matrix": [
                    [
                        0.39799223121468413,
                        0.27208603769918877,
                        0.19794916831373688,
                        0.13197256277239022
                    ],
                    [
                        0.39798824027425633,
                        0.27210236339381855,
                        0.1979474981353845,
                        0.1319618981965407
                    ],
                    [
                        0.3979899048832344,
                        0.2721048529008141,
                        0.19794671880982648,
                        0.1319585234061249
                    ],
                    [
                        0.39799167817406617,
                        0.2721073249949194,
                        0.19794416473127302,
                        0.13195683209974135
                    ]
                ],
                "motion_vectors_variance": [
                    1.1034053942920914,
                    2.2175796239549603,
                    0.8298747464610274,
                    1.7200637314125924
                ],
                "motion_vectors_priors": [
                    0.38317757009345793,
                    0.22429906542056074,
                    0.205607476635514,
                    0.18691588785046728
                ],
                "init_position_prior": 0.0
            },
            {
                "centroid": [
                    270.0,
                    300.0
                ],
                "x_limits": [
                    180,
                    360
                ],
                "y_limits": [
                    240,
                    360
                ],
                "motion_vectors": [
                    [
                        1.8977171742166832,
                        -0.5367873144056168
                    ],
                    [
                        0.3157637502399091,
                        0.7544508798359476
                    ],
                    [
                        0.04861270793162198,
                        -1.5581209648232246
                    ],
                    [
                        0.009710553910237563,
                        -2.0661604423263693
                    ]
                ],
                "transition_matrix": [
                    [
                        0.39799225561229573,
                        0.27208608412917,
                        0.19794917263919204,
                        0.13197248761934224
                    ],
                    [
                        0.39798825193464493,
                        0.27210238392494607,
                        0.19794750026923644,
                        0.1319618638711724
                    ],
                    [
                        0.3979899109766449,
                        0.2721048636415126,
                        0.19794671996460236,
                        0.13195850541724025
                    ],
                    [
                        0.397991680833665,
                        0.2721073296932426,
                        0.19794416528083045,
                        0.131956824192262
                    ]
                ],
                "motion_vectors_variance": [
                    33.3881651904895,
                    2.4975693645660204,
                    2.0515539508868708,
                    2.6074578017657526
                ],
                "motion_vectors_priors": [
                    0.4089285714285714,
                    0.2785714285714286,
                    0.1625,
                    0.15
                ],
                "init_position_prior": 0.0
            },
            {
                "centroid": [
                    270.0,
                    420.0
                ],
                "x_limits": [
                    180,
                    360
                ],
                "y_limits": [
                    360,
                    480
                ],
                "motion_vectors": [
                    [
                        -2.9687221142736786,
                        0.058490579985352786
                    ],
                    [
                        0.25756610885109343,
                        -0.006962737571479555
                    ],
                    [
                        0.8313782775317247,
                        0.28644517382732154
                    ],
                    [
                        8.222966332751623,
                        0.42330589943975006
                    ]
                ],
                "transition_matrix": [
                    [
                        0.3979949011291214,
                        0.2720908797773698,
                        0.19794966347009776,
                        0.13196455562341106
                    ],
                    [
                        0.39799088521212833,
                        0.2721071759234491,
                        0.19794798795186083,
                        0.13195395091256173
                    ],
                    [
                        0.39799254120289673,
                        0.27210965112438545,
                        0.1979472064268209,
                        0.13195060124589694
                    ],
                    [
                        0.397994309412388,
                        0.27211211471069185,
                        0.19794465053379545,
                        0.13194892534312463
                    ]
                ],
                "motion_vectors_variance": [
                    0.9508933826433479,
                    69.45666018408454,
                    2.4891223872690653,
                    0.8917040382566438
                ],
                "motion_vectors_priors": [
                    0.5579352004393191,
                    0.19989017023613398,
                    0.16199890170236134,
                    0.08017572762218561
                ],
                "init_position_prior": 0.11904761904761904
            }
        ],
        [
            {
                "centroid": [
                    450.0,
                    60.0
                ],
                "x_limits": [
                    360,
                    540
                ],
                "y_limits": [
                    0,
                    120
                ],
                "motion_vectors": [
                    [
                        0.7291068572000694,
                        -13.117042119572755
                    ],
                    [
                        -0.02965362622205875,
                        -0.5273102785572132
                    ],
                    [
                        -0.516205851802287,
                        -0.6993202207394242
                    ],
                    [
                        -1.9523965571808422,
                        -0.28249208464225484
                    ]
                ],
                "transition_matrix": [
                    [
                        0.398158374872941,
                        0.27238759457653383,
                        0.19797996144731864,
                        0.13147406910320655
                    ],
                    [
                        0.39815485760912156,
                        0.27240555962702967,
                        0.19797834790662852,
                        0.1314612348572201
                    ],
                    [
                        0.3981567957672125,
                        0.27240866261063434,
                        0.1979775853194016,
                        0.13145695630275162
                    ],
                    [
                        0.3981587615290522,
                        0.27241154769661674,
                        0.19797501435686646,
                        0.1314546764174647
                    ]
                ],
                "motion_vectors_variance": [
                    0.7991522693524481,
                    23.134432873653466,
                    1.3525819946651263,
                    4.872773250438312
                ],
                "motion_vectors_priors": [
                    0.3783783783783784,
                    0.36486486486486486,
                    0.23938223938223938,
                    0.017374517374517374
                ],
                "init_position_prior": 0.14285714285714285
            },
            {
                "centroid": [
                    450.0,
                    180.0
                ],
                "x_limits": [
                    360,
                    540
                ],
                "y_limits": [
                    120,
                    240
                ],
                "motion_vectors": [
                    [
                        -7.9798364785045575,
                        0.24032824762275956
                    ],
                    [
                        2.2966920855870585,
                        -1.1643549318719035
                    ],
                    [
                        6.569864125108651,
                        0.3402692910509536
                    ],
                    [
                        -2.0211799745234096,
                        -0.162875239519776
                    ]
                ],
                "transition_matrix": [
                    [
                        0.3981610674089844,
                        0.27239247895376584,
                        0.1979804611026418,
                        0.13146599253460797
                    ],
                    [
                        0.39815751326256965,
                        0.27241039081234053,
                        0.19797884014119557,
                        0.13145325578389416
                    ],
                    [
                        0.3981594377142008,
                        0.2724134704840209,
                        0.19797807445093588,
                        0.1314490173508424
                    ],
                    [
                        0.398161395264476,
                        0.2724163415166885,
                        0.19797550111784867,
                        0.1314467621009869
                    ]
                ],
                "motion_vectors_variance": [
                    10.839317274964309,
                    4.281619252027138,
                    2.8602763854659896,
                    3.096371252030929
                ],
                "motion_vectors_priors": [
                    0.39274924471299094,
                    0.24773413897280966,
                    0.2054380664652568,
                    0.1540785498489426
                ],
                "init_position_prior": 0.0
            },
            {
                "centroid": [
                    450.0,
                    300.0
                ],
                "x_limits": [
                    360,
                    540
                ],
                "y_limits": [
                    240,
                    360
                ],
                "motion_vectors": [
                    [
                        1.5739741464311137,
                        -0.05363080878350196
                    ],
                    [
                        0.5521647603428667,
                        -0.008812547211319167
                    ],
                    [
                        1.4932632424518377,
                        -0.006778240879788594
                    ],
                    [
                        1.5273369830501116,
                        0.012801949825592292
                    ]
                ],
                "transition_matrix": [
                    [
                        0.39816109555546986,
                        0.27239253054934026,
                        0.19798046627666824,
                        0.13146590761852153
                    ],
                    [
                        0.3981575264330102,
                        0.2724104146257734,
                        0.19797884257514498,
                        0.13145321636607127
                    ],
                    [
                        0.39815944466099346,
                        0.2724134830435913,
                        0.1979780757426134,
                        0.13144899655280173
                    ],
                    [
                        0.39816139833960096,
                        0.2724163470796069,
                        0.1979755016969345,
                        0.13144675288385765
                    ]
                ],
                "motion_vectors_variance": [
                    1.7445008883591293,
                    2.9124159281136484,
                    1.1036066323060534,
                    1.9969977902170315
                ],
                "motion_vectors_priors": [
                    0.40691489361702127,
                    0.2670212765957447,
                    0.25,
                    0.07606382978723404
                ],
                "init_position_prior": 0.16666666666666666
            },
            {
                "centroid": [
                    450.0,
                    420.0
                ],
                "x_limits": [
                    360,
                    540
                ],
                "y_limits": [
                    360,
                    480
                ],
                "motion_vectors": [
                    [
                        0.287391226247526,
                        -0.47443817509177694
                    ],
                    [
                        0.5783176922206437,
                        -0.321939643259584
                    ],
                    [
                        1.0586858112276798,
                        -0.46405459433902474
                    ],
                    [
                        0.3981538657586633,
                        0.07704277007020692
                    ]
                ],
                "transition_matrix": [
                    [
                        0.3981585295184697,
                        0.27238787063072095,
                        0.19797999085081408,
                        0.13147360899999533
                    ],
                    [
                        0.3981549296252121,
                        0.27240568826343176,
                        0.19797836183066905,
                        0.13146102028068715
                    ],
                    [
                        0.3981568341756803,
                        0.2724087297679748,
                        0.19797759296400078,
                        0.13145684309234418
                    ],
                    [
                        0.3981587789632184,
                        0.2724115765262661,
                        0.19797501807262607,
                        0.13145462643788958
                    ]
                ],
                "motion_vectors_variance": [
                    2.035454865056701,
                    3.392267805039117,
                    0.8593108695547144,
                    0.9712193713123463
                ],
                "motion_vectors_priors": [
                    0.28297872340425534,
                    0.26382978723404255,
                    0.250354609929078,
                    0.2028368794326241
                ],
                "init_position_prior": 0.11904761904761904
            }
        ],
        [
            {
                "centroid": [
                    630.0,
                    60.0
                ],
                "x_limits": [
                    540,
                    720
                ],
                "y_limits": [
                    0,
                    120
                ],
                "motion_vectors": [
                    [
                        1.4466274333300415,
                        0.8308680441853724
                    ],
                    [
                        2.2396908850850865,
                        -0.1519859714020957
                    ],
                    [
                        1.2465064645190311,
                        1.387597495744487
                    ],
                    [
                        0.5175328301274558,
                        0.18177382017052954
                    ]
                ],
                "transition_matrix": [
                    [
                        0.398265211078488,
                        0.27258151209590986,
                        0.19799975782038426,
                        0.1311535190052178
                    ],
                    [
                        0.3982620444854418,
                        0.27260061026061216,
                        0.1979981895041999,
                        0.13113915574974616
                    ],
                    [
                        0.39826417730244046,
                        0.27260414250222326,
                        0.19799744122148022,
                        0.13113423897385604
                    ],
                    [
                        0.39826627870974174,
                        0.27260731517903464,
                        0.19799486162162475,
                        0.1311315444895989
                    ]
                ],
                "motion_vectors_variance": [
                    1.2191061875299403,
                    43.004730497487806,
                    5.524677350614561,
                    9.512017618077335
                ],
                "motion_vectors_priors": [
                    0.45098039215686275,
                    0.3333333333333333,
                    0.11764705882352941,
                    0.09803921568627451
                ],
                "init_position_prior": 0.0
            },
            {
                "centroid": [
                    630.0,
                    180.0
                ],
                "x_limits": [
                    540,
                    720
                ],
                "y_limits": [
                    120,
                    240
                ],
                "motion_vectors": [
                    [
                        10.416675885018485,
                        -0.6145642954344511
                    ],
                    [
                        -0.3858330609361068,
                        0.19459751391213798
                    ],
                    [
                        -1.5190821993879176,
                        -0.13416106817993012
                    ],
                    [
                        -3.9480477148479167,
                        -0.3781964414766022
                    ]
                ],
                "transition_matrix": [
                    [
                        0.39827128317527294,
                        0.2725925325678024,
                        0.19800088316352588,
                        0.1311353010933988
                    ],
                    [
                        0.3982681072224866,
                        0.2726116415348083,
                        0.19799931200680926,
                        0.13112093923589582
                    ],
                    [
                        0.3982702390675504,
                        0.2726151762506721,
                        0.1979985623201306,
                        0.13111602236164682
                    ],
                    [
                        0.39827234069000544,
                        0.27261835163686016,
                        0.19799598085527953,
                        0.13111332681785487
                    ]
                ],
                "motion_vectors_variance": [
                    3.068852887308456,
                    24.109513247833142,
                    2.879529160949051,
                    4.31647052305212
                ],
                "motion_vectors_priors": [
                    0.4666666666666667,
                    0.3087719298245614,
                    0.11228070175438597,
                    0.11228070175438597
                ],
                "init_position_prior": 0.07142857142857142
            },
            {
                "centroid": [
                    630.0,
                    300.0
                ],
                "x_limits": [
                    540,
                    720
                ],
                "y_limits": [
                    240,
                    360
                ],
                "motion_vectors": [
                    [
                        0.13210926628712494,
                        0.08478654299281034
                    ],
                    [
                        0.9307725477703317,
                        0.17894821561223254
                    ],
                    [
                        0.24977822113082607,
                        0.0043877715289561345
                    ],
                    [
                        -0.3634374979550094,
                        0.1664055969924559
                    ]
                ],
                "transition_matrix": [
                    [
                        0.39827128393117694,
                        0.27259253644972903,
                        0.19800088307362984,
                        0.13113529654546413
                    ],
                    [
                        0.3982681078290592,
                        0.2726116418330952,
                        0.19799931208964316,
                        0.13112093824820237
                    ],
                    [
                        0.39827023930474886,
                        0.2726151762717765,
                        0.19799856239651903,
                        0.13111602202695555
                    ],
                    [
                        0.3982723407652117,
                        0.27261835160557585,
                        0.19799598093808285,
                        0.13111332669112954
                    ]
                ],
                "motion_vectors_variance": [
                    0.591589549334716,
                    1.114590823432611,
                    4.592604344333153,
                    1.2234878491920425
                ],
                "motion_vectors_priors": [
                    0.3687315634218289,
                    0.28171091445427726,
                    0.2728613569321534,
                    0.07669616519174041
                ],
                "init_position_prior": 0.0
            },
            {
                "centroid": [
                    630.0,
                    420.0
                ],
                "x_limits": [
                    540,
                    720
                ],
                "y_limits": [
                    360,
                    480
                ],
                "motion_vectors": [
                    [
                        0.2523062308449093,
                        -0.22745833648333863
                    ],
                    [
                        0.2787019701510126,
                        -0.2320355840406057
                    ],
                    [
                        0.03005269117153453,
                        -0.17139337205563604
                    ],
                    [
                        0.15634852462745813,
                        -0.15712352430218135
                    ]
                ],
                "transition_matrix": [
                    [
                        0.3982653261149911,
                        0.2725817204603108,
                        0.1979997794318177,
                        0.13115317399288035
                    ],
                    [
                        0.3982620984157033,
                        0.27260070539221404,
                        0.19799819992400633,
                        0.13113899626807632
                    ],
                    [
                        0.39826420598910345,
                        0.2726041919656318,
                        0.1979974470044538,
                        0.13113415504081075
                    ],
                    [
                        0.39826629173057926,
                        0.2726073363242634,
                        0.1979948645177426,
                        0.13113150742741464
                    ]
                ],
                "motion_vectors_variance": [
                    0.2998342651464434,
                    0.2860018133168438,
                    0.2720988145551956,
                    0.30098296401116004
                ],
                "motion_vectors_priors": [
                    0.4315605928509154,
                    0.2728857890148213,
                    0.17698343504795117,
                    0.11857018308631212
                ],
                "init_position_prior": 0.047619047619047616
            }
        ]
    ]
}