{
    "width": 720.0,
    "height": 480.0,
    "nr_nodes": 16,
    "side": 4,
    "x_interval": 180.0,
    "y_interval": 120.0,
    "nr_fields": 4,
    "grid_matrix": [
        [
            {
                "centroid": [
                    90.0,
                    60.0
                ],
                "x_limits": [
                    0,
                    180
                ],
                "y_limits": [
                    0,
                    120
                ],
                "motion_vectors": [
                    [
                        0.0,
                        0.0
                    ],
                    [
                        0.0,
                        0.0
                    ],
                    [
                        0.0,
                        0.0
                    ],
                    [
                        0.0,
                        0.0
                    ]
                ],
                "transition_matrix": [
                    [
                        0.3974429997429771,
                        0.26504329180013547,
                        0.2309256935422336,
                        0.10658801491465376
                    ],
                    [
                        0.3956751550657829,
                        0.26532715843133164,
                        0.22874540044999125,
                        0.11025228605289426
                    ],
                    [
                        0.39464158124792786,
                        0.2658545356187174,
                        0.22838225696420208,
                        0.11112162616915264
                    ],
                    [
                        0.38104722912467043,
                        0.2693422596936565,
                        0.21741220120922022,
                        0.13219830997245288
                    ]
                ],
                "motion_vectors_variance": [
                    1.5283073967233758,
                    1.5282674291552223,
                    1.5283532714705523,
                    1.5279914610422893
                ],
                "motion_vectors_priors": [
                    0.3810178817056396,
                    0.34112792297111416,
                    0.14718019257221457,
                    0.13067400275103164
                ],
                "init_position_prior": 0.07142857142857142
            },
            {
                "centroid": [
                    90.0,
                    180.0
                ],
                "x_limits": [
                    0,
                    180
                ],
                "y_limits": [
                    120,
                    240
                ],
                "motion_vectors": [
                    [
                        0.0,
                        0.0
                    ],
                    [
                        0.0,
                        0.0
                    ],
                    [
                        0.0,
                        0.0
                    ],
                    [
                        0.0,
                        0.0
                    ]
                ],
                "transition_matrix": [
                    [
                        0.3984721075378758,
                        0.26511304925084606,
                        0.23280295184611127,
                        0.1036118913651668
                    ],
                    [
                        0.3961764321770069,
                        0.26537063164398833,
                        0.22966393226013784,
                        0.10878900391886705
                    ],
                    [
                        0.3950324803144683,
                        0.26590950662556956,
                        0.22914647403499386,
                        0.10991153902496845
                    ],
                    [
                        0.3807273016891617,
                        0.26940151944674023,
                        0.21701171468477112,
                        0.13285946417932687
                    ]
                ],
                "motion_vectors_variance": [
                    1.8117861859668116,
                    1.8118209675114618,
                    1.8117840497422215,
                    1.811912482401556
                ],
                "motion_vectors_priors": [
                    0.26005361930294907,
                    0.2520107238605898,
                    0.2453083109919571,
                    0.24262734584450402
                ],
                "init_position_prior": 0.07142857142857142
            },
            {
                "centroid": [
                    90.0,
                    300.0
                ],
                "x_limits": [
                    0,
                    180
                ],
                "y_limits": [
                    240,
                    360
                ],
                "motion_vectors": [
                    [
                        0.0,
                        0.0
                    ],
                    [
                        0.0,
                        0.0
                    ],
                    [
                        0.0,
                        0.0
                    ],
                    [
                        0.0,
                        0.0
                    ]
                ],
                "transition_matrix": [
                    [
                        0.39980409991462285,
                        0.26505733351217986,
                        0.23480403242834771,
                        0.1003345341448495
                    ],
                    [
                        0.39667010355726134,
                        0.2653843565878394,
                        0.2304626458759592,
                        0.10748289397894012
                    ],
                    [
                        0.3953137707428468,
                        0.2659829143690834,
                        0.22974887878924075,
                        0.10895443609882918
                    ],
                    [
                        0.3800844275212258,
                        0.2695286341969415,
                        0.21625174277242407,
                        0.13413519550940878
                    ]
                ],
                "motion_vectors_variance": [
                    2.400074728581498,
                    2.3999593725799544,
                    2.399806836175843,
                    2.400755484208392
                ],
                "motion_vectors_priors": [
                    0.5158730158730159,
                    0.23809523809523808,
                    0.15079365079365079,
                    0.09523809523809523
                ],
                "init_position_prior": 0.023809523809523808
            },
            {
                "centroid": [
                    90.0,
                    420.0
                ],
                "x_limits": [
                    0,
                    180
                ],
                "y_limits": [
                    360,
                    480
                ],
                "motion_vectors": [
                    [
                        0.0,
                        0.0
                    ],
                    [
                        0.0,
                        0.0
                    ],
                    [
                        0.0,
                        0.0
                    ],
                    [
                        0.0,
                        0.0
                    ]
                ],
                "transition_matrix": [
                    [
                        0.4005485985474361,
                        0.26523143098992175,
                        0.23652653375817667,
                        0.09769343670446543
                    ],
                    [
                        0.3969432392919473,
                        0.2654813293813113,
                        0.23112587207956084,
                        0.10644955924718062
                    ],
                    [
                        0.3954916623978761,
                        0.2660695611215207,
                        0.2302212255607531,
                        0.10821755091985008
                    ],
                    [
                        0.3797180336305535,
                        0.2695333198531305,
                        0.21562570335481268,
                        0.1351229431615034
                    ]
                ],
                "motion_vectors_variance": [
                    0.7818048098817142,
                    0.781751537569147,
                    0.7818338428355014,
                    0.781495393367209
                ],
                "motion_vectors_priors": [
                    0.3148148148148148,
                    0.2804232804232804,
                    0.24603174603174602,
                    0.15873015873015872
                ],
                "init_position_prior": 0.07142857142857142
            }
        ],
        [
            {
                "centroid": [
                    270.0,
                    60.0
                ],
                "x_limits": [
                    180,
                    360
                ],
                "y_limits": [
                    0,
                    120
                ],
                "motion_vectors": [
                    [
                        0.0,
                        0.0
                    ],
                    [
                        0.0,
                        0.0
                    ],
                    [
                        0.0,
                        0.0
                    ],
                    [
                        0.0,
                        0.0
                    ]
                ],
                "transition_matrix": [
                    [
                        0.3929123094470286,
                        0.2665429206518988,
                        0.22810686240778486,
                        0.11243790749328784
                    ],
                    [
                        0.3951187908809515,
                        0.26616006871982756,
                        0.23025515938556249,
                        0.10846598101365845
                    ],
                    [
                        0.3965147354234166,
                        0.2654099175007649,
                        0.2305241717406384,
                        0.10755117533518017
                    ],
                    [
                        0.402458268411803,
                        0.2575890870361609,
                        0.21802153576452804,
                        0.12193110878750799
                    ]
                ],
                "motion_vectors_variance": [
                    0.7447835306480332,
                    0.74478601696775,
                    0.7448849984687252,
                    0.744466054380457
                ],
                "motion_vectors_priors": [
                    0.34718100890207715,
                    0.25667655786350146,
                    0.21068249258160238,
                    0.18545994065281898
                ],
                "init_position_prior": 0.09523809523809523
            },
            {
                "centroid": [
                    270.0,
                    180.0
                ],
                "x_limits": [
                    180,
                    360
                ],
                "y_limits": [
                    120,
                    240
                ],
                "motion_vectors": [
                    [
                        0.0,
                        0.0
                    ],
                    [
                        0.0,
                        0.0
                    ],
                    [
                        0.0,
                        0.0
                    ],
                    [
                        0.0,
                        0.0
                    ]
                ],
                "transition_matrix": [
                    [
                        0.39476859234200873,
                        0.26658616680681496,
                        0.23119641052143924,
                        0.107448830329737
                    ],
                    [
                        0.39604834687125295,
                        0.26614119377324935,
                        0.2316709216802356,
                        0.10613953767526206
                    ],
                    [
                        0.39730145925516985,
                        0.26538181220051354,
                        0.23166757623433007,
                        0.10564915230998656
                    ],
                    [
                        0.40217039243654135,
                        0.25736960421948707,
                        0.21659148021337774,
                        0.12386852313059397
                    ]
                ],
                "motion_vectors_variance": [
                    0.6941068282543225,
                    0.6941417542284388,
                    0.6940862737437268,
                    0.6943134549817047
                ],
                "motion_vectors_priors": [
                    0.38317757009345793,
                    0.22429906542056074,
                    0.205607476635514,
                    0.18691588785046728
                ],
                "init_position_prior": 0.0
            },
            {
                "centroid": [
                    270.0,
                    300.0
                ],
                "x_limits": [
                    180,
                    360
                ],
                "y_limits": [
                    240,
                    360
                ],
                "motion_vectors": [
                    [
                        0.0,
                        0.0
                    ],
                    [
                        0.0,
                        0.0
                    ],
                    [
                        0.0,
                        0.0
                    ],
                    [
                        0.0,
                        0.0
                    ]
                ],
                "transition_matrix": [
                    [
                        0.398304484120177,
                        0.2666849074281822,
                        0.2370666776091921,
                        0.09794393084244876
                    ],
                    [
                        0.39747645512280355,
                        0.26606765674108285,
                        0.2336924834865783,
                        0.10276340464953546
                    ],
                    [
                        0.3984554982305122,
                        0.2652593332342181,
                        0.23309174120306675,
                        0.10319342733220287
                    ],
                    [
                        0.4016449734425041,
                        0.2569377728939707,
                        0.2139155250266837,
                        0.12750172863684145
                    ]
                ],
                "motion_vectors_variance": [
                    2.1240715676121775,
                    2.1243540583864826,
                    2.1241959850582353,
                    2.124813512912752
                ],
                "motion_vectors_priors": [
                    0.4089285714285714,
                    0.2785714285714286,
                    0.1625,
                    0.15
                ],
                "init_position_prior": 0.0
            },
            {
                "centroid": [
                    270.0,
                    420.0
                ],
                "x_limits": [
                    180,
                    360
                ],
                "y_limits": [
                    360,
                    480
                ],
                "motion_vectors": [
                    [
                        0.0,
                        0.0
                    ],
                    [
                        0.0,
                        0.0
                    ],
                    [
                        0.0,
                        0.0
                    ],
                    [
                        0.0,
                        0.0
                    ]
                ],
                "transition_matrix": [
                    [
                        0.39969036195509916,
                        0.26672984017064566,
                        0.2394027050745857,
                        0.09417709279966946
                    ],
                    [
                        0.39810694331822166,
                        0.26604427100687505,
                        0.23461615246590997,
                        0.1012326332089934
                    ],
                    [
                        0.39897079253397383,
                        0.2652182838747125,
                        0.23377124742024094,
                        0.10203967617107279
                    ],
                    [
                        0.4014537397842553,
                        0.2567543026316581,
                        0.21283912747887856,
                        0.12895283010520808
                    ]
                ],
                "motion_vectors_variance": [
                    0.6135439041489885,
                    0.6135632363343247,
                    0.6135283599390501,
                    0.6136901095726084
                ],
                "motion_vectors_priors": [
                    0.5579352004393191,
                    0.19989017023613398,
                    0.16199890170236134,
                    0.08017572762218561
                ],
                "init_position_prior": 0.11904761904761904
            }
        ],
        [
            {
                "centroid": [
                    450.0,
                    60.0
                ],
                "x_limits": [
                    360,
                    540
                ],
                "y_limits": [
                    0,
                    120
                ],
                "motion_vectors": [
                    [
                        0.0,
                        0.0
                    ],
                    [
                        0.0,
                        0.0
                    ],
                    [
                        0.0,
                        0.0
                    ],
                    [
                        0.0,
                        0.0
                    ]
                ],
                "transition_matrix": [
                    [
                        0.4043547436882727,
                        0.26617509989527577,
                        0.24552637207914538,
                        0.08394378433730629
                    ],
                    [
                        0.40479695261091114,
                        0.2664231658755869,
                        0.2469385000574461,
                        0.08184138145605589
                    ],
                    [
                        0.40481717434052955,
                        0.2665394804681822,
                        0.24731263932951678,
                        0.08133070586177144
                    ],
                    [
                        0.405079888713374,
                        0.2668151799851252,
                        0.2487693720853153,
                        0.07933555921618549
                    ]
                ],
                "motion_vectors_variance": [
                    0.8176602498269104,
                    0.8176570584212205,
                    0.8176879623240673,
                    0.8174964012304928
                ],
                "motion_vectors_priors": [
                    0.37741312741312744,
                    0.36486486486486486,
                    0.24034749034749034,
                    0.017374517374517374
                ],
                "init_position_prior": 0.14285714285714285
            },
            {
                "centroid": [
                    450.0,
                    180.0
                ],
                "x_limits": [
                    360,
                    540
                ],
                "y_limits": [
                    120,
                    240
                ],
                "motion_vectors": [
                    [
                        0.0,
                        0.0
                    ],
                    [
                        0.0,
                        0.0
                    ],
                    [
                        0.0,
                        0.0
                    ],
                    [
                        0.0,
                        0.0
                    ]
                ],
                "transition_matrix": [
                    [
                        0.40526997896208733,
                        0.26663523193770505,
                        0.2485864723831354,
                        0.07950831671707219
                    ],
                    [
                        0.40552035304131895,
                        0.26667959441154754,
                        0.24867259085599122,
                        0.07912746169114228
                    ],
                    [
                        0.4055434825244148,
                        0.2666890949214932,
                        0.2486752425925398,
                        0.07909217996155225
                    ],
                    [
                        0.40538439303834245,
                        0.26668926801373655,
                        0.24868485439507435,
                        0.07924148455284642
                    ]
                ],
                "motion_vectors_variance": [
                    3.147318415375268,
                    3.1473191454330935,
                    3.147308181250571,
                    3.1473778414922564
                ],
                "motion_vectors_priors": [
                    0.39274924471299094,
                    0.24773413897280966,
                    0.2054380664652568,
                    0.1540785498489426
                ],
                "init_position_prior": 0.0
            },
            {
                "centroid": [
                    450.0,
                    300.0
                ],
                "x_limits": [
                    360,
                    540
                ],
                "y_limits": [
                    240,
                    360
                ],
                "motion_vectors": [
                    [
                        0.0,
                        0.0
                    ],
                    [
                        0.0,
                        0.0
                    ],
                    [
                        0.0,
                        0.0
                    ],
                    [
                        0.0,
                        0.0
                    ]
                ],
                "transition_matrix": [
                    [
                        0.4052773802755617,
                        0.26663922358379943,
                        0.24861124915887295,
                        0.07947214698176581
                    ],
                    [
                        0.4055294640370325,
                        0.26668329288156406,
                        0.24869763785700044,
                        0.07908960522440285
                    ],
                    [
                        0.40555368034126255,
                        0.2666911111304189,
                        0.24869682320023306,
                        0.07905838532808561
                    ],
                    [
                        0.40542518374928777,
                        0.2666702871476521,
                        0.24866701166623492,
                        0.07923751743682515
                    ]
                ],
                "motion_vectors_variance": [
                    0.8852035589576263,
                    0.8851966063484707,
                    0.8852337716202492,
                    0.8849561398653035
                ],
                "motion_vectors_priors": [
                    0.40691489361702127,
                    0.2670212765957447,
                    0.25,
                    0.07606382978723404
                ],
                "init_position_prior": 0.16666666666666666
            },
            {
                "centroid": [
                    450.0,
                    420.0
                ],
                "x_limits": [
                    360,
                    540
                ],
                "y_limits": [
                    360,
                    480
                ],
                "motion_vectors": [
                    [
                        0.0,
                        0.0
                    ],
                    [
                        0.0,
                        0.0
                    ],
                    [
                        0.0,
                        0.0
                    ],
                    [
                        0.0,
                        0.0
                    ]
                ],
                "transition_matrix": [
                    [
                        0.4052809598187529,
                        0.2666410791878027,
                        0.24862385788637273,
                        0.07945410310707157
                    ],
                    [
                        0.4055346127265524,
                        0.26668503685922007,
                        0.24870897989744178,
                        0.07907137051678567
                    ],
                    [
                        0.4055594681351287,
                        0.26669231893067147,
                        0.24870655531104083,
                        0.07904165762315923
                    ],
                    [
                        0.40544063925260965,
                        0.2666638916435263,
                        0.24866242278491896,
                        0.07923304631894504
                    ]
                ],
                "motion_vectors_variance": [
                    0.8461059813168424,
                    0.8461056448442713,
                    0.8461066490053915,
                    0.8460975418338011
                ],
                "motion_vectors_priors": [
                    0.28297872340425534,
                    0.26382978723404255,
                    0.250354609929078,
                    0.2028368794326241
                ],
                "init_position_prior": 0.11904761904761904
            }
        ],
        [
            {
                "centroid": [
                    630.0,
                    60.0
                ],
                "x_limits": [
                    540,
                    720
                ],
                "y_limits": [
                    0,
                    120
                ],
                "motion_vectors": [
                    [
                        0.0,
                        0.0
                    ],
                    [
                        0.0,
                        0.0
                    ],
                    [
                        0.0,
                        0.0
                    ],
                    [
                        0.0,
                        0.0
                    ]
                ],
                "transition_matrix": [
                    [
                        0.39844161380516474,
                        0.26348153126499196,
                        0.22861352258230974,
                        0.10946333234753354
                    ],
                    [
                        0.4003816165537477,
                        0.26445374330128113,
                        0.23379737814491414,
                        0.10136726200005718
                    ],
                    [
                        0.39961461292545297,
                        0.26529194465963846,
                        0.2348525073093364,
                        0.10024093510557203
                    ],
                    [
                        0.3944050871589334,
                        0.270549096862341,
                        0.25193950759353473,
                        0.08310630838519087
                    ]
                ],
                "motion_vectors_variance": [
                    6.800993572737629,
                    6.798210398992611,
                    6.813349368556739,
                    6.743639464868835
                ],
                "motion_vectors_priors": [
                    0.45098039215686275,
                    0.3333333333333333,
                    0.11764705882352941,
                    0.09803921568627451
                ],
                "init_position_prior": 0.0
            },
            {
                "centroid": [
                    630.0,
                    180.0
                ],
                "x_limits": [
                    540,
                    720
                ],
                "y_limits": [
                    120,
                    240
                ],
                "motion_vectors": [
                    [
                        0.0,
                        0.0
                    ],
                    [
                        0.0,
                        0.0
                    ],
                    [
                        0.0,
                        0.0
                    ],
                    [
                        0.0,
                        0.0
                    ]
                ],
                "transition_matrix": [
                    [
                        0.3996019795709879,
                        0.2640180591945548,
                        0.23203243025291925,
                        0.10434753098153812
                    ],
                    [
                        0.4010725162466586,
                        0.26476208518537897,
                        0.23587399399666895,
                        0.09829140457129354
                    ],
                    [
                        0.4004364779180568,
                        0.2654770686180461,
                        0.23679848241107665,
                        0.09728797105282046
                    ],
                    [
                        0.39487955821864046,
                        0.27034412140360176,
                        0.2515903019991885,
                        0.08318601837856927
                    ]
                ],
                "motion_vectors_variance": [
                    2.776713449095361,
                    2.776754686453969,
                    2.776491785123345,
                    2.7778617887948354
                ],
                "motion_vectors_priors": [
                    0.4666666666666667,
                    0.3087719298245614,
                    0.11228070175438597,
                    0.11228070175438597
                ],
                "init_position_prior": 0.07142857142857142
            },
            {
                "centroid": [
                    630.0,
                    300.0
                ],
                "x_limits": [
                    540,
                    720
                ],
                "y_limits": [
                    240,
                    360
                ],
                "motion_vectors": [
                    [
                        0.0,
                        0.0
                    ],
                    [
                        0.0,
                        0.0
                    ],
                    [
                        0.0,
                        0.0
                    ],
                    [
                        0.0,
                        0.0
                    ]
                ],
                "transition_matrix": [
                    [
                        0.4003752769690243,
                        0.26436793075073545,
                        0.23429781612705386,
                        0.10095897615318633
                    ],
                    [
                        0.40160481757856964,
                        0.26500657605243083,
                        0.23753451628051406,
                        0.09585409008848547
                    ],
                    [
                        0.40109906571488063,
                        0.26562138925117446,
                        0.23839761087926356,
                        0.09488193415468153
                    ],
                    [
                        0.39549043599574757,
                        0.270048779801765,
                        0.2509907221372268,
                        0.0834700620652606
                    ]
                ],
                "motion_vectors_variance": [
                    1.199981063223267,
                    1.1999896920528197,
                    1.199929760217326,
                    1.2002525590176394
                ],
                "motion_vectors_priors": [
                    0.35988200589970504,
                    0.2861356932153392,
                    0.27728613569321536,
                    0.07669616519174041
                ],
                "init_position_prior": 0.0
            },
            {
                "centroid": [
                    630.0,
                    420.0
                ],
                "x_limits": [
                    540,
                    720
                ],
                "y_limits": [
                    360,
                    480
                ],
                "motion_vectors": [
                    [
                        0.0,
                        0.0
                    ],
                    [
                        0.0,
                        0.0
                    ],
                    [
                        0.0,
                        0.0
                    ],
                    [
                        0.0,
                        0.0
                    ]
                ],
                "transition_matrix": [
                    [
                        0.4016625939637952,
                        0.2650671937786213,
                        0.2384008151996744,
                        0.09486939705790892
                    ],
                    [
                        0.4023431006768628,
                        0.2654073755065475,
                        0.23998757878396276,
                        0.09226194503262673
                    ],
                    [
                        0.4019824998418326,
                        0.2658428783935193,
                        0.24058214645656664,
                        0.09159247530808158
                    ],
                    [
                        0.3961029907421964,
                        0.2697038285729042,
                        0.2502670824865936,
                        0.08392609819830586
                    ]
                ],
                "motion_vectors_variance": [
                    0.2708608040137098,
                    0.2708579905635521,
                    0.270850368211211,
                    0.2708903627036426
                ],
                "motion_vectors_priors": [
                    0.4315605928509154,
                    0.2728857890148213,
                    0.17698343504795117,
                    0.11857018308631212
                ],
                "init_position_prior": 0.047619047619047616
            }
        ]
    ]
}