{
    "width": 720.0,
    "height": 480.0,
    "nr_nodes": 16,
    "side": 4,
    "x_interval": 180.0,
    "y_interval": 120.0,
    "nr_fields": 6,
    "grid_matrix": [
        [
            {
                "centroid": [
                    90.0,
                    60.0
                ],
                "x_limits": [
                    0,
                    180
                ],
                "y_limits": [
                    0,
                    120
                ],
                "motion_vectors": [
                    [
                        -0.014948392306350922,
                        0.03228257311341759
                    ],
                    [
                        -0.10046440943139057,
                        0.005867623920141063
                    ],
                    [
                        0.19603794095047633,
                        -0.02392083588418875
                    ],
                    [
                        -0.13252779815242155,
                        -0.035022861108879616
                    ],
                    [
                        -0.30385292547104115,
                        0.05947262780559798
                    ],
                    [
                        0.3504650887874959,
                        0.017953076121098227
                    ]
                ],
                "transition_matrix": [
                    [
                        0.29593874139798976,
                        0.221574808459314,
                        0.17612717533444122,
                        0.13838855226826383,
                        0.09438849357036908,
                        0.07358222896962219
                    ],
                    [
                        0.2959447663675694,
                        0.2215833283326035,
                        0.17613389858942227,
                        0.13838536195994589,
                        0.0943785638447312,
                        0.07357408090572758
                    ],
                    [
                        0.29594861869170397,
                        0.22158609037720048,
                        0.1761371391047826,
                        0.13838436077789532,
                        0.09437360095551375,
                        0.07357019009290375
                    ],
                    [
                        0.2959502543615643,
                        0.2215872310412664,
                        0.17613826187253953,
                        0.1383839356330583,
                        0.09437160255730075,
                        0.07356871453427083
                    ],
                    [
                        0.2959522193246333,
                        0.22158901916261772,
                        0.17613937012696537,
                        0.13838245049071138,
                        0.09436958312768853,
                        0.07356735776738361
                    ],
                    [
                        0.2959538364222115,
                        0.22159028423032803,
                        0.17614028236561724,
                        0.1383818076052531,
                        0.09436770746280915,
                        0.07356608191378082
                    ]
                ],
                "motion_vectors_variance": [
                    1.478381449183436,
                    1.324977453856647,
                    1.3157672808172,
                    1.7854876500878487,
                    1.399974134626142,
                    1.626562945259312
                ],
                "motion_vectors_priors": [
                    0.2998624484181568,
                    0.22420907840440166,
                    0.19807427785419532,
                    0.1361760660247593,
                    0.07840440165061899,
                    0.06327372764786796
                ],
                "init_position_prior": 0.07142857142857142
            },
            {
                "centroid": [
                    90.0,
                    180.0
                ],
                "x_limits": [
                    0,
                    180
                ],
                "y_limits": [
                    120,
                    240
                ],
                "motion_vectors": [
                    [
                        10.95978269908182,
                        0.11975223622731371
                    ],
                    [
                        0.7964460203364748,
                        0.2874040902996134
                    ],
                    [
                        -0.3109401262564674,
                        0.14576185300570496
                    ],
                    [
                        -0.02970421204293857,
                        0.5258427791585427
                    ],
                    [
                        0.16262011077884125,
                        -0.03932259605057509
                    ],
                    [
                        0.06439950375107215,
                        0.303448018735172
                    ]
                ],
                "transition_matrix": [
                    [
                        0.2959337536180684,
                        0.22156556650293086,
                        0.1761197113711729,
                        0.13838971877897827,
                        0.09439893046666478,
                        0.0735923192621847
                    ],
                    [
                        0.2959397463993786,
                        0.22157403282361757,
                        0.17612638969642114,
                        0.13838653597401107,
                        0.09438906413279137,
                        0.0735842309737803
                    ],
                    [
                        0.2959435827595871,
                        0.22157676878868446,
                        0.17612960813145073,
                        0.13838553880252633,
                        0.09438413231976829,
                        0.0735803691979831
                    ],
                    [
                        0.29594520790445195,
                        0.22157789269057165,
                        0.17613071671565858,
                        0.13838511612590884,
                        0.0943821540376264,
                        0.07357891252578265
                    ],
                    [
                        0.2959471630613756,
                        0.22157966541176435,
                        0.17613181197216077,
                        0.1383836332572903,
                        0.09438015323197184,
                        0.07357757306543707
                    ],
                    [
                        0.29594877601742464,
                        0.2215809245483923,
                        0.1761327193616271,
                        0.13838299159927195,
                        0.09437828476915955,
                        0.07357630370412434
                    ]
                ],
                "motion_vectors_variance": [
                    3.10611379935566,
                    3.801544909015902,
                    4.3208080719551925,
                    2.709613340213568,
                    4.560246659118359,
                    1.9578005999933508
                ],
                "motion_vectors_priors": [
                    0.2613941018766756,
                    0.1970509383378016,
                    0.14209115281501342,
                    0.1380697050938338,
                    0.13270777479892762,
                    0.128686327077748
                ],
                "init_position_prior": 0.07142857142857142
            },
            {
                "centroid": [
                    90.0,
                    300.0
                ],
                "x_limits": [
                    0,
                    180
                ],
                "y_limits": [
                    240,
                    360
                ],
                "motion_vectors": [
                    [
                        -0.4984490267727175,
                        -0.46095839566755864
                    ],
                    [
                        -0.2855929757368767,
                        -0.4395990371864536
                    ],
                    [
                        0.047704363298757234,
                        0.24684759684557983
                    ],
                    [
                        0.9077682811246376,
                        -0.5052703347614182
                    ],
                    [
                        -0.1826301042358612,
                        -0.6362707249111802
                    ],
                    [
                        0.12170719133599592,
                        0.3125340344523657
                    ]
                ],
                "transition_matrix": [
                    [
                        0.29593376153989726,
                        0.22156558095112452,
                        0.17611972306180218,
                        0.13838971686266352,
                        0.09439891408324314,
                        0.07359230350126932
                    ],
                    [
                        0.29593975068614764,
                        0.2215740407067074,
                        0.17612639607705466,
                        0.13838653497760714,
                        0.09438905520341576,
                        0.07358422234906735
                    ],
                    [
                        0.2959435854043043,
                        0.22157677371836462,
                        0.17612961210602876,
                        0.13838553818954197,
                        0.09438412676400514,
                        0.07358036381775512
                    ],
                    [
                        0.29594520951193987,
                        0.2215778957051683,
                        0.17613071914410255,
                        0.13838511575372567,
                        0.09438215064706698,
                        0.07357890923799665
                    ],
                    [
                        0.29594716379285485,
                        0.22157966679175461,
                        0.17613181308509804,
                        0.13838363309212717,
                        0.09438015168011446,
                        0.07357757155805096
                    ],
                    [
                        0.29594877645653433,
                        0.2215809253814321,
                        0.17613272003371686,
                        0.13838299150083147,
                        0.09437828383355612,
                        0.0735763027939291
                    ]
                ],
                "motion_vectors_variance": [
                    18.676239399974282,
                    11.125977248303519,
                    13.899690348390507,
                    3.6606590834072743,
                    2.6928750948577416,
                    3.560005775839694
                ],
                "motion_vectors_priors": [
                    0.3253968253968254,
                    0.2222222222222222,
                    0.20634920634920634,
                    0.11904761904761904,
                    0.07142857142857142,
                    0.05555555555555555
                ],
                "init_position_prior": 0.023809523809523808
            },
            {
                "centroid": [
                    90.0,
                    420.0
                ],
                "x_limits": [
                    0,
                    180
                ],
                "y_limits": [
                    360,
                    480
                ],
                "motion_vectors": [
                    [
                        -1.1580597403873054,
                        -0.8967853466778065
                    ],
                    [
                        -0.11629523456658022,
                        0.04743382615361407
                    ],
                    [
                        0.011184225566234038,
                        -0.5239692437775383
                    ],
                    [
                        -0.2884191617100701,
                        0.011368019641073913
                    ],
                    [
                        0.8733718965027072,
                        -0.24618632449385866
                    ],
                    [
                        -0.5255171362088873,
                        0.1709506483682864
                    ]
                ],
                "transition_matrix": [
                    [
                        0.29593879336005585,
                        0.22157491002340718,
                        0.1761272566592072,
                        0.13838854050257787,
                        0.09438838080051119,
                        0.07358211865424064
                    ],
                    [
                        0.29594479663026496,
                        0.2215833877838773,
                        0.17613394591445491,
                        0.1383853543549262,
                        0.09437849826428409,
                        0.07357401705219246
                    ],
                    [
                        0.29594863800122423,
                        0.22158612844769682,
                        0.17613716941002577,
                        0.13838435574607386,
                        0.09437355905807449,
                        0.07357014933690491
                    ],
                    [
                        0.2959502659019539,
                        0.22158725465130258,
                        0.17613828048486627,
                        0.1383839324397132,
                        0.09437157696932463,
                        0.07356868955283961
                    ],
                    [
                        0.29595222402008853,
                        0.22158903024135235,
                        0.17613937855472578,
                        0.13838244886570347,
                        0.09436957179076713,
                        0.07356734652736273
                    ],
                    [
                        0.2959538387680732,
                        0.22159029102454356,
                        0.17614028732166293,
                        0.13838180655243995,
                        0.09436770098267222,
                        0.07356607535060818
                    ]
                ],
                "motion_vectors_variance": [
                    0.80499495981646,
                    1.5883706934383783,
                    1.0959413515055776,
                    4.307724578599682,
                    1.7022178790076261,
                    0.8584334740428672
                ],
                "motion_vectors_priors": [
                    0.2724867724867725,
                    0.2275132275132275,
                    0.18253968253968253,
                    0.1455026455026455,
                    0.1164021164021164,
                    0.05555555555555555
                ],
                "init_position_prior": 0.07142857142857142
            }
        ],
        [
            {
                "centroid": [
                    270.0,
                    60.0
                ],
                "x_limits": [
                    180,
                    360
                ],
                "y_limits": [
                    0,
                    120
                ],
                "motion_vectors": [
                    [
                        -1.171931898705851,
                        0.7656045791469007
                    ],
                    [
                        0.22964100115841726,
                        -0.05008357569528954
                    ],
                    [
                        -0.5150846200255006,
                        -0.5657812911127907
                    ],
                    [
                        -1.5586494536680315,
                        -0.17140368768892603
                    ],
                    [
                        0.01487795354530249,
                        -0.11447713663582809
                    ],
                    [
                        -0.613745508305203,
                        -0.18771692408862353
                    ]
                ],
                "transition_matrix": [
                    [
                        0.29602766627360605,
                        0.22173963653752857,
                        0.17626028637683044,
                        0.1383677617090093,
                        0.09420237396541017,
                        0.07340227513761544
                    ],
                    [
                        0.29603411767827287,
                        0.22174881358467874,
                        0.17626757048014663,
                        0.1383644604229201,
                        0.09419164539392016,
                        0.07339339244006157
                    ],
                    [
                        0.29603817548690525,
                        0.22175188020618564,
                        0.176271078260753,
                        0.13836340641107897,
                        0.09418630372224118,
                        0.07338915591283608
                    ],
                    [
                        0.2960399395391239,
                        0.2217532092266663,
                        0.1762723644509408,
                        0.1383629514010534,
                        0.0941840712558288,
                        0.07338746412638689
                    ],
                    [
                        0.2960420261899928,
                        0.2217551755695225,
                        0.1762736257813991,
                        0.13836143774060383,
                        0.09418182993425085,
                        0.07338590478423075
                    ],
                    [
                        0.2960436986537223,
                        0.22175651315828102,
                        0.1762745974944916,
                        0.1383607776001657,
                        0.09417986365202068,
                        0.07338454944131875
                    ]
                ],
                "motion_vectors_variance": [
                    0.7376450378020141,
                    1.9228108368507935,
                    5.679311087360103,
                    2.0207106008729294,
                    10.051140812676447,
                    0.9713039049033593
                ],
                "motion_vectors_priors": [
                    0.3293768545994065,
                    0.15281899109792285,
                    0.14688427299703263,
                    0.14540059347181009,
                    0.12166172106824925,
                    0.10385756676557864
                ],
                "init_position_prior": 0.09523809523809523
            },
            {
                "centroid": [
                    270.0,
                    180.0
                ],
                "x_limits": [
                    180,
                    360
                ],
                "y_limits": [
                    120,
                    240
                ],
                "motion_vectors": [
                    [
                        0.5781969539338133,
                        -0.1734976020664499
                    ],
                    [
                        -0.15782498362202624,
                        -0.4948929581569213
                    ],
                    [
                        -1.6359113389507645,
                        -0.4785741789208456
                    ],
                    [
                        -1.022167840892464,
                        -0.2592086477518044
                    ],
                    [
                        -0.1790850412993071,
                        -0.26873862960675376
                    ],
                    [
                        -0.14509420252464453,
                        -0.20831859183652757
                    ]
                ],
                "transition_matrix": [
                    [
                        0.29602554196248665,
                        0.22173570106178195,
                        0.1762571077635642,
                        0.13836825852432222,
                        0.09420681860995324,
                        0.07340657207789167
                    ],
                    [
                        0.29603196267348325,
                        0.2217448240579577,
                        0.17626434746805533,
                        0.13836496446406837,
                        0.0941961523944324,
                        0.07339774894200278
                    ],
                    [
                        0.2960360057701778,
                        0.2217478650238413,
                        0.1762678340662305,
                        0.1383639140128218,
                        0.09419084043791796,
                        0.07339354068901055
                    ],
                    [
                        0.2960377601847853,
                        0.22174917738497602,
                        0.17626910652080938,
                        0.13836346125800358,
                        0.09418862730380835,
                        0.0733918673476172
                    ],
                    [
                        0.2960398382254729,
                        0.2217511289674096,
                        0.1762703556902656,
                        0.13836194960400014,
                        0.09418640318098684,
                        0.07339032433186483
                    ],
                    [
                        0.2960415074119246,
                        0.2217524612357015,
                        0.17627132308123938,
                        0.13836129034092992,
                        0.09418444312490802,
                        0.0733889748052966
                    ]
                ],
                "motion_vectors_variance": [
                    0.6463417935756843,
                    1.7094653462115876,
                    1.026963829707957,
                    1.27898447407623,
                    1.4041939161780082,
                    1.099835893378028
                ],
                "motion_vectors_priors": [
                    0.24065420560747663,
                    0.19158878504672897,
                    0.14953271028037382,
                    0.14953271028037382,
                    0.14485981308411214,
                    0.12383177570093458
                ],
                "init_position_prior": 0.0
            },
            {
                "centroid": [
                    270.0,
                    300.0
                ],
                "x_limits": [
                    180,
                    360
                ],
                "y_limits": [
                    240,
                    360
                ],
                "motion_vectors": [
                    [
                        0.6832902318467997,
                        0.13243777638107396
                    ],
                    [
                        -0.28291436840114254,
                        -0.894391664583496
                    ],
                    [
                        0.01406434546180671,
                        0.2618026723490186
                    ],
                    [
                        1.6661180830011961,
                        0.2578618235024554
                    ],
                    [
                        1.7399715249468428,
                        0.34836785874302123
                    ],
                    [
                        0.9591916012878904,
                        -1.5066347879059712
                    ]
                ],
                "transition_matrix": [
                    [
                        0.2960255666721109,
                        0.2217357459424021,
                        0.1762571440942616,
                        0.13836825249325072,
                        0.09420676766478564,
                        0.07340652313318903
                    ],
                    [
                        0.2960319759054419,
                        0.22174484834163968,
                        0.17626436713472107,
                        0.13836496139409224,
                        0.09419612486558224,
                        0.0733977223585226
                    ],
                    [
                        0.29603601387811046,
                        0.22174788016510585,
                        0.17626784626727057,
                        0.13836391213869056,
                        0.0941908233847689,
                        0.0733935241660534
                    ],
                    [
                        0.29603776509968993,
                        0.22174918663604254,
                        0.17626911396717798,
                        0.13836346012356948,
                        0.09418861691196301,
                        0.07339185726155698
                    ],
                    [
                        0.29603984045575005,
                        0.22175113319821604,
                        0.17627035910079158,
                        0.13836194910599844,
                        0.09418639842940144,
                        0.07339031970984235
                    ],
                    [
                        0.2960415087471012,
                        0.2217524637870613,
                        0.17627132513897092,
                        0.13836129004566933,
                        0.09418444026420777,
                        0.0733889720169894
                    ]
                ],
                "motion_vectors_variance": [
                    2.1422854379862875,
                    4.709693422960268,
                    28.389492561044253,
                    3.613052595947438,
                    18.756103674441643,
                    3.8647309357261395
                ],
                "motion_vectors_priors": [
                    0.29285714285714287,
                    0.275,
                    0.14285714285714285,
                    0.11607142857142858,
                    0.09107142857142857,
                    0.08214285714285714
                ],
                "init_position_prior": 0.0
            },
            {
                "centroid": [
                    270.0,
                    420.0
                ],
                "x_limits": [
                    180,
                    360
                ],
                "y_limits": [
                    360,
                    480
                ],
                "motion_vectors": [
                    [
                        -0.6377152479313364,
                        0.7061670117991414
                    ],
                    [
                        2.442173755710483,
                        0.263419386814556
                    ],
                    [
                        0.03416209090086307,
                        0.3387894665642487
                    ],
                    [
                        1.2698536080656442,
                        0.607310219454536
                    ],
                    [
                        -1.3336629165761344,
                        0.07026347461725076
                    ],
                    [
                        0.10652225638611698,
                        0.09514304352936279
                    ]
                ],
                "transition_matrix": [
                    [
                        0.2960277650956399,
                        0.22173982454555596,
                        0.17626043748227735,
                        0.13836773858828105,
                        0.09420216357812657,
                        0.07340207071011914
                    ],
                    [
                        0.29603417336396803,
                        0.22174892051887723,
                        0.17626765608844405,
                        0.13836444679266016,
                        0.09419152637016019,
                        0.0733932768658903
                    ],
                    [
                        0.29603821045421436,
                        0.22175194807099993,
                        0.17627113246914525,
                        0.13836339763440958,
                        0.09418622853154046,
                        0.07338908283969045
                    ],
                    [
                        0.29603996053314324,
                        0.22175325116823538,
                        0.176272397710726,
                        0.13836294590566706,
                        0.094184025331887,
                        0.0733874193503414
                    ],
                    [
                        0.29604203505327187,
                        0.2217551951369554,
                        0.1762736409276156,
                        0.13836143505954515,
                        0.09418180934534347,
                        0.07338588447726846
                    ],
                    [
                        0.29604370337654357,
                        0.22175652510058624,
                        0.17627460647463572,
                        0.1383607759024794,
                        0.0941798516867424,
                        0.0733845374590126
                    ]
                ],
                "motion_vectors_variance": [
                    1.0977664894192498,
                    2.304535417634353,
                    22.61408805731402,
                    0.6508930685745706,
                    2.1814786460309423,
                    10.726560969054246
                ],
                "motion_vectors_priors": [
                    0.3086216364634816,
                    0.19439868204283361,
                    0.15815485996705106,
                    0.1526633717737507,
                    0.10598572213069742,
                    0.08017572762218561
                ],
                "init_position_prior": 0.11904761904761904
            }
        ],
        [
            {
                "centroid": [
                    450.0,
                    60.0
                ],
                "x_limits": [
                    360,
                    540
                ],
                "y_limits": [
                    0,
                    120
                ],
                "motion_vectors": [
                    [
                        0.14188752838095497,
                        0.18221116534495252
                    ],
                    [
                        -0.2960608391324473,
                        -1.5352100291182884
                    ],
                    [
                        -0.14200816526298365,
                        -1.0722326667223985
                    ],
                    [
                        2.1704907123376986,
                        0.0554369798517802
                    ],
                    [
                        0.642010318229165,
                        -0.8647531810234819
                    ],
                    [
                        -0.07835066566374992,
                        0.09140239345985512
                    ]
                ],
                "transition_matrix": [
                    [
                        0.29616362268127544,
                        0.22199163900822874,
                        0.17646379916323796,
                        0.1383359689440152,
                        0.09391782002381989,
                        0.07312715017942292
                    ],
                    [
                        0.2961707462829287,
                        0.2220018620214983,
                        0.176471973903024,
                        0.13833249481523435,
                        0.09390582440702862,
                        0.07311709857028595
                    ],
                    [
                        0.2961751295316439,
                        0.22200541714367458,
                        0.1764759083032293,
                        0.13833135736685265,
                        0.09389987866146013,
                        0.07311230899313934
                    ],
                    [
                        0.29617709844402823,
                        0.2220070501297201,
                        0.17647745729351402,
                        0.1383308546422638,
                        0.09389727030382862,
                        0.0731102691866453
                    ],
                    [
                        0.2961793788928408,
                        0.22200930299925345,
                        0.1764789641274344,
                        0.13832929561111915,
                        0.093894673681088,
                        0.07310838468826433
                    ],
                    [
                        0.2961811386963703,
                        0.22201075630253667,
                        0.1764800307028094,
                        0.138328608417402,
                        0.09389256334878,
                        0.07310690253210177
                    ]
                ],
                "motion_vectors_variance": [
                    15.367953736116572,
                    1.680961564556988,
                    5.160063924780505,
                    1.983770617238559,
                    2.0561069674785273,
                    43.50768000097072
                ],
                "motion_vectors_priors": [
                    0.305984555984556,
                    0.222007722007722,
                    0.21814671814671815,
                    0.20752895752895753,
                    0.02895752895752896,
                    0.017374517374517374
                ],
                "init_position_prior": 0.14285714285714285
            },
            {
                "centroid": [
                    450.0,
                    180.0
                ],
                "x_limits": [
                    360,
                    540
                ],
                "y_limits": [
                    120,
                    240
                ],
                "motion_vectors": [
                    [
                        -2.7692328690658816,
                        0.10977952530504567
                    ],
                    [
                        -0.5715872708391923,
                        0.043868583190426316
                    ],
                    [
                        9.20835871430965,
                        -0.130458209593655
                    ],
                    [
                        -0.9562190888004658,
                        0.08197699842910769
                    ],
                    [
                        -0.4427960646037161,
                        -0.1792161994203652
                    ],
                    [
                        -0.30314371609386326,
                        0.186319935684696
                    ]
                ],
                "transition_matrix": [
                    [
                        0.29616586837087633,
                        0.22199580345218384,
                        0.17646716192384052,
                        0.1383354438413193,
                        0.09391311842963922,
                        0.07312260398214075
                    ],
                    [
                        0.2961729691019936,
                        0.22200598060079618,
                        0.1764753003309374,
                        0.13833197462320532,
                        0.0939011732056424,
                        0.07311260213742504
                    ],
                    [
                        0.296177341661768,
                        0.22200951389266363,
                        0.17647921765564678,
                        0.1383308395610494,
                        0.09389525119424606,
                        0.07310783603462602
                    ],
                    [
                        0.2961793033245058,
                        0.22201113223522706,
                        0.17648075508974276,
                        0.13833033853907747,
                        0.09389265885347195,
                        0.073105811957975
                    ],
                    [
                        0.29618157776587706,
                        0.22201337285053843,
                        0.17648225223663738,
                        0.13832878090426598,
                        0.09389007558648141,
                        0.0731039406561998
                    ],
                    [
                        0.29618333584983497,
                        0.22201482224753868,
                        0.17648331567687975,
                        0.1383280940119222,
                        0.09388796945653693,
                        0.07310246275728742
                    ]
                ],
                "motion_vectors_variance": [
                    5.336207352516152,
                    3.0285023525186716,
                    8.489035852816802,
                    3.5381576896380738,
                    3.943062695052889,
                    17.38391989004105
                ],
                "motion_vectors_priors": [
                    0.39274924471299094,
                    0.24773413897280966,
                    0.1691842900302115,
                    0.09063444108761329,
                    0.054380664652567974,
                    0.045317220543806644
                ],
                "init_position_prior": 0.0
            },
            {
                "centroid": [
                    450.0,
                    300.0
                ],
                "x_limits": [
                    360,
                    540
                ],
                "y_limits": [
                    240,
                    360
                ],
                "motion_vectors": [
                    [
                        0.8509531407528856,
                        0.027561344442268258
                    ],
                    [
                        0.9751711540515738,
                        0.013507875733634836
                    ],
                    [
                        0.4396386661090671,
                        0.01104943968561116
                    ],
                    [
                        1.4623831822578643,
                        0.001389693164835143
                    ],
                    [
                        0.9861834030511127,
                        0.031482226912166594
                    ],
                    [
                        0.5916341786373176,
                        0.023227820497272872
                    ]
                ],
                "transition_matrix": [
                    [
                        0.2961658954607033,
                        0.22199585343274386,
                        0.17646720232106153,
                        0.13833543746043034,
                        0.0939130619134689,
                        0.07312254941159187
                    ],
                    [
                        0.29617298413412113,
                        0.22200600839887882,
                        0.17647532279554265,
                        0.13833197111091738,
                        0.09390114178791859,
                        0.0731125717726214
                    ],
                    [
                        0.29617735109782534,
                        0.2220095313937514,
                        0.17647923178650748,
                        0.13833083735788118,
                        0.09389523143640074,
