{
    "width": 720.0,
    "height": 480.0,
    "nr_nodes": 16,
    "side": 4,
    "x_interval": 180.0,
    "y_interval": 120.0,
    "nr_fields": 6,
    "grid_matrix": [
        [
            {
                "centroid": [
                    90.0,
                    60.0
                ],
                "x_limits": [
                    0,
                    180
                ],
                "y_limits": [
                    0,
                    120
                ],
                "motion_vectors": [
                    [
                        -0.2733536620683564,
                        -0.10997612229103515
                    ],
                    [
                        -0.3510119701421477,
                        -0.02462002800077251
                    ],
                    [
                        -0.23084312423751407,
                        -0.0965174874577529
                    ],
                    [
                        -0.36860410443388253,
                        0.010087624379567534
                    ],
                    [
                        -0.2817406173908815,
                        0.056300642346695545
                    ],
                    [
                        -0.14008282180429577,
                        -0.009908891822902527
                    ]
                ],
                "transition_matrix": [
                    [
                        0.2954453673013774,
                        0.22492798075310994,
                        0.1715324774163252,
                        0.1389022120755473,
                        0.09544439997910265,
                        0.0737475624745376
                    ],
                    [
                        0.29545242796851223,
                        0.22493880304191538,
                        0.17153420670001326,
                        0.13889862976490547,
                        0.0954353459925002,
                        0.07374058653215358
                    ],
                    [
                        0.2954567762727372,
                        0.2249426193527033,
                        0.17153473090847318,
                        0.13889706041350272,
                        0.09543127097212498,
                        0.07373754208045878
                    ],
                    [
                        0.29545894229484054,
                        0.224944522165018,
                        0.17153449951281136,
                        0.13889640632181738,
                        0.09542936254414283,
                        0.07373626716137004
                    ],
                    [
                        0.2954615679250831,
                        0.22494696004199508,
                        0.17153433478065275,
                        0.1388947133400867,
                        0.0954273695464206,
                        0.0737350543657617
                    ],
                    [
                        0.2954634602676561,
                        0.2249487599477991,
                        0.17153444735589762,
                        0.13889389732812585,
                        0.09542555850718092,
                        0.07373387659334049
                    ]
                ],
                "motion_vectors_variance": [
                    1.2510529604313017,
                    2.1130286073440514,
                    1.243979535784883,
                    1.772782008027455,
                    1.315839973111489,
                    1.2599631337998258
                ],
                "motion_vectors_priors": [
                    0.31911966987620355,
                    0.2173314993122421,
                    0.1856946354883081,
                    0.1361760660247593,
                    0.07840440165061899,
                    0.06327372764786796
                ],
                "init_position_prior": 0.07142857142857142
            },
            {
                "centroid": [
                    90.0,
                    180.0
                ],
                "x_limits": [
                    0,
                    180
                ],
                "y_limits": [
                    120,
                    240
                ],
                "motion_vectors": [
                    [
                        1.8173048713437978,
                        -1.1838883708749603
                    ],
                    [
                        0.6454876488518263,
                        0.010040699794277644
                    ],
                    [
                        -0.3225599321495832,
                        0.2861276365059783
                    ],
                    [
                        0.3467501333366257,
                        0.5508465890594598
                    ],
                    [
                        2.2007046115705866,
                        0.3977768317059451
                    ],
                    [
                        0.3851557335761374,
                        -0.970618862765058
                    ]
                ],
                "transition_matrix": [
                    [
                        0.2954390402396804,
                        0.22491543502474115,
                        0.17153070649931063,
                        0.13890463654102744,
                        0.09545403418092496,
                        0.07375614751431542
                    ],
                    [
                        0.29544606207507423,
                        0.22492618760679048,
                        0.17153242596958934,
                        0.1389010687646558,
                        0.09544503578044711,
                        0.07374921980344294
                    ],
                    [
                        0.2954503871967294,
                        0.22492996280793975,
                        0.17153294437458957,
                        0.13889950797782127,
                        0.09544099371265286,
                        0.07374620393026718
                    ],
                    [
                        0.29545254154179246,
                        0.2249318456638199,
                        0.17153271032554146,
                        0.13889885813202377,
                        0.09543910141292125,
                        0.07374494292390112
                    ],
                    [
                        0.29545515479374773,
                        0.2249342624125272,
                        0.17153254257509032,
                        0.13889716961479767,
                        0.0954371256878778,
                        0.07374374491595932
                    ],
                    [
                        0.2954570417736752,
                        0.22493605386530152,
                        0.17153265403227536,
                        0.13889635573545528,
                        0.0954353216160662,
                        0.07374257297722633
                    ]
                ],
                "motion_vectors_variance": [
                    1.8849840235863442,
                    2.1524597271851214,
                    2.238016160467702,
                    2.6469840227990806,
                    2.6388714093013794,
                    2.3250671518427986
                ],
                "motion_vectors_priors": [
                    0.2613941018766756,
                    0.1970509383378016,
                    0.14209115281501342,
                    0.1380697050938338,
                    0.13270777479892762,
                    0.128686327077748
                ],
                "init_position_prior": 0.07142857142857142
            },
            {
                "centroid": [
                    90.0,
                    300.0
                ],
                "x_limits": [
                    0,
                    180
                ],
                "y_limits": [
                    240,
                    360
                ],
                "motion_vectors": [
                    [
                        -0.037161327269472355,
                        0.2364317228810741
                    ],
                    [
                        1.1009934141824074,
                        1.4785640012438486
                    ],
                    [
                        -0.3656551998106968,
                        0.5666001023195646
                    ],
                    [
                        -0.5091998279429512,
                        0.4555184679741524
                    ],
                    [
                        -1.902974118676318,
                        0.5518660007943567
                    ],
                    [
                        0.44452951238749194,
                        -0.3121199762621451
                    ]
                ],
                "transition_matrix": [
                    [
                        0.29543905023289835,
                        0.22491545456683332,
                        0.17153070925322514,
                        0.1389046326862734,
                        0.09545401911358765,
                        0.0737561341471822
                    ],
                    [
                        0.2954460676862644,
                        0.2249261986602737,
                        0.1715324275223768,
                        0.13890106662059676,
                        0.09544502727754513,
                        0.07374921223294317
                    ],
                    [
                        0.29545039037586557,
                        0.22492996913996727,
                        0.17153294526430124,
                        0.13889950676154278,
                        0.09544098885853747,
                        0.07374619959978575
                    ],
                    [
                        0.2954525435981863,
                        0.22493184978281033,
                        0.17153271090889233,
                        0.13889885734359697,
                        0.09543909825972319,
                        0.07374494010679107
                    ],
                    [
                        0.2954551557445707,
                        0.22493426432947702,
                        0.17153254284870692,
                        0.1388971692530666,
                        0.09543712422112298,
                        0.07374374360305556
                    ],
                    [
                        0.2954570423353634,
                        0.22493605500302086,
                        0.1715326541950369,
                        0.1388963555220081,
                        0.0954353207466851,
                        0.07374257219788566
                    ]
                ],
                "motion_vectors_variance": [
                    8.288616344334676,
                    4.432446960273413,
                    2.8097769766934904,
                    3.922510823949964,
                    8.176098426089506,
                    2.894059027249298
                ],
                "motion_vectors_priors": [
                    0.3253968253968254,
                    0.2222222222222222,
                    0.20634920634920634,
                    0.11904761904761904,
                    0.07936507936507936,
                    0.047619047619047616
                ],
                "init_position_prior": 0.023809523809523808
            },
            {
                "centroid": [
                    90.0,
                    420.0
                ],
                "x_limits": [
                    0,
                    180
                ],
                "y_limits": [
                    360,
                    480
                ],
                "motion_vectors": [
                    [
                        -2.2998934134840643,
                        -0.24275622327302804
                    ],
                    [
                        -0.16841945477601092,
                        -0.29620231154176824
                    ],
                    [
                        -0.2316447957141646,
                        5.018352377700503
                    ],
                    [
                        0.010095469328985529,
                        0.08882494129576632
                    ],
                    [
                        -0.04477586820825108,
                        0.3365090726850122
                    ],
                    [
                        -0.3390219969394291,
                        0.6839651744496382
                    ]
                ],
                "transition_matrix": [
                    [
                        0.295445433551601,
                        0.22492811805620858,
                        0.17153249709803894,
                        0.13890218639461227,
                        0.09544429603211983,
                        0.07374746886741923
                    ],
                    [
                        0.29545246782855306,
                        0.22493888578479096,
                        0.17153421871904526,
                        0.13889861376131216,
                        0.0954352834555512,
                        0.07374053045074733
                    ],
                    [
                        0.29545679950283077,
                        0.22494266791733683,
                        0.1715347380591589,
                        0.13889705082694703,
                        0.09543123441433261,
                        0.07373750927939388
                    ],
                    [
                        0.2954589572085519,
                        0.2249445540947175,
                        0.1715345042358775,
                        0.13889639995060443,
                        0.0954293387499347,
                        0.07373624576031389
                    ],
                    [
                        0.29546157424555375,
                        0.22494697506475064,
                        0.17153433710031832,
                        0.13889471021828761,
                        0.09542735879932163,
                        0.07373504457176809
                    ],
                    [
                        0.2954634634548782,
                        0.22494876886004211,
                        0.17153444882472993,
                        0.13889389541881622,
                        0.09542555246569087,
                        0.07373387097584275
                    ]
                ],
                "motion_vectors_variance": [
                    0.7818609673221341,
                    2.0283863089976246,
                    1.1568767928695112,
                    0.9093766058601908,
                    0.6847200954461211,
                    1.090705089852714
                ],
                "motion_vectors_priors": [
                    0.25925925925925924,
                    0.22486772486772486,
                    0.20634920634920634,
                    0.14814814814814814,
                    0.10582010582010581,
                    0.05555555555555555
                ],
                "init_position_prior": 0.07142857142857142
            }
        ],
        [
            {
                "centroid": [
                    270.0,
                    60.0
                ],
                "x_limits": [
                    180,
                    360
                ],
                "y_limits": [
                    0,
                    120
                ],
                "motion_vectors": [
                    [
                        -0.7163771600719311,
                        0.8046712747668173
                    ],
                    [
                        0.5315338691667968,
                        -0.26367218036998563
                    ],
                    [
                        -3.2563386324358645,
                        -0.15533647477985668
                    ],
                    [
                        -4.124678662921018,
                        0.31230131572772213
                    ],
                    [
                        -2.6597311130189705,
                        0.2623370193046738
                    ],
                    [
                        -0.23754641994757292,
                        -0.05685143183606678
                    ]
                ],
                "transition_matrix": [
                    [
                        0.2955581742968922,
                        0.22515172718165077,
                        0.17156406372107577,
                        0.13885898433142096,
                        0.09527259496783863,
                        0.07359445550112163
                    ],
                    [
                        0.29556574704822286,
                        0.22516340628716933,
                        0.1715659139781407,
                        0.1388552064080505,
                        0.09526284008785574,
                        0.07358688619056099
                    ],
                    [
                        0.2955703869555938,
                        0.22516769896247044,
                        0.17156650487502323,
                        0.13885353156625557,
                        0.0952583712170156,
                        0.07358350642364131
                    ],
                    [
                        0.29557269805294106,
                        0.22516983076052485,
                        0.17156630188109553,
                        0.13885282631433335,
                        0.09525627252920081,
                        0.07358207046190435
                    ],
                    [
                        0.2955754778129137,
                        0.22517251526956836,
                        0.17156617238680566,
                        0.13885107867294036,
                        0.09525407233870664,
                        0.07358068351906535
                    ],
                    [
                        0.29557744112678713,
                        0.2251744184864983,
                        0.17156629835967707,
                        0.13885023423739878,
                        0.09525217367700799,
                        0.07357943411263071
                    ]
                ],
                "motion_vectors_variance": [
                    11.901478773465417,
                    0.9535109735234033,
                    2.0025672850490572,
                    1.3557493382701562,
                    1.288199318407462,
                    10.0228519516704
                ],
                "motion_vectors_priors": [
                    0.3293768545994065,
                    0.15281899109792285,
                    0.14688427299703263,
                    0.14540059347181009,
                    0.12166172106824925,
                    0.10385756676557864
                ],
                "init_position_prior": 0.09523809523809523
            },
            {
                "centroid": [
                    270.0,
                    180.0
                ],
                "x_limits": [
                    180,
                    360
                ],
                "y_limits": [
                    120,
                    240
                ],
                "motion_vectors": [
                    [
                        -1.0001679265850794,
                        -0.6914768946190436
                    ],
                    [
                        0.7614961338796937,
                        -0.25880185599915906
                    ],
                    [
                        -0.7572227969148201,
                        0.01207582744634872
                    ],
                    [
                        -0.6177494881406294,
                        -0.02599885795481406
                    ],
                    [
                        0.27602657467853786,
                        -0.14647793568918788
                    ],
                    [
                        -0.18217838937959976,
                        -0.3519867449795928
                    ]
                ],
                "transition_matrix": [
                    [
                        0.29555547940833843,
                        0.22514638451808539,
                        0.1715633095160169,
                        0.13886001691225502,
                        0.09527669800103494,
                        0.07359811164426945
                    ],
                    [
                        0.2955630150865082,
                        0.22515799348849821,
                        0.17156514988187566,
                        0.1388562530685275,
                        0.09526699792312544,
                        0.07359059055146516
                    ],
                    [
                        0.29556763337468667,
                        0.22516224550437666,
                        0.17156573504199293,
                        0.13885458636793643,
                        0.09526256089993082,
                        0.07358723881107668
                    ],
                    [
                        0.2955699339147276,
                        0.22516435777151741,
                        0.171565529366957,
                        0.13885388505993784,
                        0.09526047756150062,
                        0.07358581632535963
                    ],
                    [
                        0.2955727028083393,
                        0.22516702220989196,
                        0.1715653970246001,
                        0.13885214146355881,
                        0.09525829323543256,
                        0.07358444325817748
                    ],
                    [
                        0.2955746618227624,
                        0.22516891784179807,
                        0.17156552195868285,
                        0.13885129870851437,
                        0.09525640060434482,
                        0.07358319906389761
                    ]
                ],
                "motion_vectors_variance": [
                    0.7547561192574328,
                    1.005837645232852,
                    1.087125996800125,
                    1.4345147188649843,
                    1.851489838898372,
                    1.519507304070041
                ],
                "motion_vectors_priors": [
                    0.24065420560747663,
                    0.19158878504672897,
                    0.14953271028037382,
                    0.14953271028037382,
                    0.14485981308411214,
                    0.12383177570093458
                ],
                "init_position_prior": 0.0
            },
            {
                "centroid": [
                    270.0,
                    300.0
                ],
                "x_limits": [
                    180,
                    360
                ],
                "y_limits": [
                    240,
                    360
                ],
                "motion_vectors": [
                    [
                        1.104029582416269,
                        2.2032675547349148
                    ],
                    [
                        -2.010682940969653,
                        -0.13706977893652106
                    ],
                    [
                        -0.31222326837777237,
                        -4.249723638033082
                    ],
                    [
                        -1.5326989665411337,
                        -0.29432339669302443
                    ],
                    [
                        0.26167887692062475,
                        0.16103724518306753
                    ],
                    [
                        0.6658349287160699,
                        -0.5630400522128378
                    ]
                ],
                "transition_matrix": [
                    [
                        0.29555551055525253,
                        0.22514644520685176,
                        0.17156331806424527,
                        0.13886000487557507,
                        0.09527665116024135,
                        0.07359807013783387
                    ],
                    [
                        0.2955630324043056,
                        0.22515802754396835,
                        0.17156515465919098,
                        0.13885624645652045,
                        0.09526697171447965,
                        0.07359056722153494
                    ],
                    [
                        0.29556764312978795,
                        0.22516226496188116,
                        0.1715657377721865,
                        0.13885458263752715,
                        0.0952625459921098,
                        0.0735872255065075
                    ],
                    [
                        0.2955699402061484,
                        0.22516437041246928,
                        0.17156553115890202,
                        0.13885388264739892,
                        0.09526046789382535,
                        0.07358580768125607
                    ],
                    [
                        0.29557270570823435,
                        0.22516702808617728,
                        0.17156539786609673,
                        0.13885214036280707,
                        0.09525828874416771,
                        0.07358443923251679
                    ],
                    [
                        0.2955746635313485,
                        0.2251689213252812,
                        0.17156552245899925,
                        0.13885129806095745,
                        0.09525639794645986,
                        0.07358319667695375
                    ]
                ],
                "motion_vectors_variance": [
                    12.474980178156132,
                    5.285496068460682,
                    2.1245232096391793,
                    4.614803316902267,
                    2.3730933131491567,
                    2.5771922434577275
                ],
                "motion_vectors_priors": [
                    0.2785714285714286,
                    0.2767857142857143,
                    0.14285714285714285,
                    0.13035714285714287,
                    0.09107142857142857,
                    0.08035714285714286
                ],
                "init_position_prior": 0.0
            },
            {
                "centroid": [
                    270.0,
                    420.0
                ],
                "x_limits": [
                    180,
                    360
                ],
                "y_limits": [
                    360,
                    480
                ],
                "motion_vectors": [
                    [
                        2.958120573115216,
                        0.6858449572751641
                    ],
                    [
                        4.782399736149502,
                        0.36102287975215275
                    ],
                    [
                        -0.803147748097262,
                        0.3847711018568414
                    ],
                    [
                        -0.5050424458369798,
                        0.08232718943962139
                    ],
                    [
                        0.09831566053411706,
                        0.09713957604349183
                    ],
                    [
                        0.4421866328110834,
                        0.28612034746766674
                    ]
                ],
                "transition_matrix": [
                    [
                        0.2955582997312539,
                        0.22515198131292513,
                        0.17156409993072022,
                        0.13885893569605148,
                        0.0952724012413005,
                        0.07359428208774875
                    ],
                    [
                        0.29556582021247085,
                        0.22516355543427233,
                        0.1715659353944436,
                        0.13885517751045387,
                        0.09526272669651467,
                        0.0735867847518447
                    ],
                    [
                        0.29557042907784015,
                        0.22516778581291605,
                        0.17156651746946427,
                        0.13885351458917192,
                        0.09525830550243486,
                        0.07358344754817266
                    ],
                    [
                        0.29557272511808735,
                        0.22516988767209606,
                        0.1715663101974623,
                        0.13885281512453188,
                        0.0952562298019266,
                        0.0735820320858958
                    ],
                    [
                        0.2955754896049568,
                        0.22517254198817524,
                        0.17156617642958644,
                        0.1388510733058003,
                        0.09525405284150736,
                        0.07358066582997405
                    ],
                    [
                        0.2955774473998231,
                        0.22517443433103024,
                        0.17156630087532265,
                        0.13885023099291705,
                        0.09525216253941977,
                        0.0735794238614872
                    ]
                ],
                "motion_vectors_variance": [
                    0.6194862750126361,
                    0.6765298878715136,
                    8.444973338139231,
                    41.38585762380692,
                    0.8910406368453624,
                    1.1964480533709467
                ],
                "motion_vectors_priors": [
                    0.30477759472817134,
                    0.19384953322350357,
                    0.15815485996705106,
                    0.15321252059308071,
                    0.10982976386600769,
                    0.08017572762218561
                ],
                "init_position_prior": 0.11904761904761904
            }
        ],
        [
            {
                "centroid": [
                    450.0,
                    60.0
                ],
                "x_limits": [
                    360,
                    540
                ],
                "y_limits": [
                    0,
                    120
                ],
                "motion_vectors": [
                    [
                        0.8382131108308079,
                        -0.2950935269094185
                    ],
                    [
                        -9.275324224437103,
                        0.7812951256488812
                    ],
                    [
                        0.5133168962096275,
                        0.2987467440440136
                    ],
                    [
                        0.10744124474033331,
                        -0.32089484532395207
                    ],
                    [
                        0.1556928911831304,
                        0.2771064273511212
                    ],
                    [
                        -0.12180847113955093,
                        -0.18523760188549238
                    ]
                ],
                "transition_matrix": [
                    [
                        0.2957306452167415,
                        0.22549380678903996,
                        0.17161235808968064,
                        0.1387928882014924,
                        0.09500992632126089,
                        0.0733603753817846
                    ],
                    [
                        0.295739025585319,
                        0.22550684921910388,
                        0.17161440078263035,
                        0.13878880244822792,
                        0.09499905987925543,
                        0.07335186208546345
                    ],
                    [
                        0.2957441287149874,
                        0.22551190684973016,
                        0.1716150988972504,
                        0.1387869595595114,
                        0.09499396119971706,
                        0.07334794477880363
                    ],
                    [
                        0.2957466707401994,
                        0.22551440705883274,
                        0.17161494205178898,
                        0.13878617253793674,
                        0.09499155757330738,
                        0.07334625003793478
                    ],
                    [
                        0.29574969584886607,
                        0.2255174875758805,
                        0.17161486913527854,
                        0.13878433767968823,
                        0.09498902594107798,
                        0.07334458381920865
                    ],
                    [
                        0.29575177125732927,
                        0.2255195556420854,
                        0.1716150165464862,
                        0.1387834483919825,
                        0.09498698798417866,
                        0.07334322017793785
                    ]
                ],
                "motion_vectors_variance": [
                    0.9241599781771067,
                    0.8273078323121473,
                    3.996337394819439,
                    42.494167166697096,
                    1.2401917774697029,
                    39.9348079756787
                ],
                "motion_vectors_priors": [
                    0.2915057915057915,
                    0.24517374517374518,
                    0.21525096525096524,
                    0.20270270270270271,
                    0.027992277992277992,
                    0.017374517374517374
                ],
                "init_position_prior": 0.14285714285714285
            },
            {
                "centroid": [
                    450.0,
                    180.0
                ],
                "x_limits": [
                    360,
                    540
                ],
                "y_limits": [
                    120,
                    240
                ],
                "motion_vectors": [
                    [
                        -0.03794065698328969,
                        0.05465467037309617
                    ],
                    [
                        -2.5052281739265516,
                        0.32350343017658745
                    ],
                    [
                        0.2820600902230864,
                        -0.08351078450583142
                    ],
                    [
                        -3.414194858862722,
                        0.2763766526484448
                    ],
                    [
                        -3.898849754540614,
                        0.22059808879814985
                    ],
                    [
                        -0.01226459003952246,
                        -0.03261787069581946
                    ]
                ],
                "transition_matrix": [
                    [
                        0.2957334938675039,
                        0.225499459073569,
                        0.17161315613551917,
                        0.13879179632795463,
                        0.09500558675935841,
                        0.07335650783609499
                    ],
                    [
                        0.2957418464412277,
                        0.22551244223963934,
                        0.17161519047057855,
                        0.1387877211557177,
                        0.09499476472701093,
                        0.07334803496582575
                    ],
                    [
                        0.29574693331572577,
                        0.22551746497855482,
                        0.17161588363876293,
                        0.13878588465296376,
                        0.09498969212159739,
                        0.07334414129239529
                    ],
                    [
                        0.29574946764654075,
                        0.2255199484840644,
                        0.1716157243253482,
                        0.1387851006920857,
                        0.09498730097195458,
                        0.07334245788000641
                    ],
                    [
                        0.2957524851940421,
                        0.22552301259684035,
                        0.1716156490998237,
                        0.13878326882953615,
                        0.09498478151629282,
                        0.07334080276346464
                    ],
                    [
                        0.29575455824083086,
                        0.22552507508761702,
                        0.17161579569729626,
                        0.13878238041909957,
                        0.09498274764146045,
                        0.0733394429136958
                    ]
                ],
                "motion_vectors_variance": [
                    110.93164988272112,
                    3.207913625915262,
                    6.947069804282056,
                    2.9587810624532684,
                    2.939016066381711,
                    422.7938262982001
                ],
                "motion_vectors_priors": [
                    0.39274924471299094,
                    0.24773413897280966,
                    0.1691842900302115,
                    0.09063444108761329,
                    0.054380664652567974,
                    0.045317220543806644
                ],
                "init_position_prior": 0.0
            },
            {
                "centroid": [
                    450.0,
                    300.0
                ],
                "x_limits": [
                    360,
                    540
                ],
                "y_limits": [
                    240,
                    360
                ],
                "motion_vectors": [
                    [
                        1.4176022012358296,
                        -0.041935779272971346
                    ],
                    [
                        1.6538492774342206,
                        -0.04750442427685039
                    ],
                    [
                        1.5773784478773125,
                        -0.004518325326838015
                    ],
                    [
                        0.7958254622749316,
                        -0.0010856827446437262
                    ],
                    [
                        1.4258810431849431,
                        -0.0053458865176151255
                    ],
                    [
                        0.35721777794192966,
                        0.017615709473249218
                    ]
                ],
                "transition_matrix": [
                    [
                        0.2957335281086214,
                        0.22549952670952092,
                        0.17161316568042673,
                        0.13879178319269955,
                        0.09500553475785925,
                        0.07335646155087219
                    ],
                    [
                        0.2957418661096913,
                        0.2255124811693413,
                        0.17161519596117272,
                        0.1387877136240165,
                        0.09499473481591401,
                        0.07334800831986411
                    ],
                    [
                        0.29574694465692986,
                        0.2255174874816192,
                        0.17161588681285758,
                        0.1387858803083567,
