{
    "width": 720.0,
    "height": 480.0,
    "nr_nodes": 25,
    "side": 5,
    "x_interval": 144.0,
    "y_interval": 96.0,
    "nr_fields": 6,
    "grid_matrix": [
        [
            {
                "centroid": [
                    72.0,
                    48.0
                ],
                "x_limits": [
                    0,
                    144
                ],
                "y_limits": [
                    0,
                    96
                ],
                "motion_vectors": [
                    [
                        -0.6796731963145386,
                        0.0361408812939121
                    ],
                    [
                        -0.6463888391108529,
                        0.0033470962128351114
                    ],
                    [
                        -0.7344433303852522,
                        0.03786401593758426
                    ],
                    [
                        -0.5148681541004396,
                        0.09411775875230932
                    ],
                    [
                        -0.6838491031160082,
                        -0.002032287837127056
                    ],
                    [
                        -0.4814238333010948,
                        0.012210320962935589
                    ]
                ],
                "transition_matrix": [
                    [
                        0.31920857747427434,
                        0.2208174561524831,
                        0.16498571149391345,
                        0.13020281884045856,
                        0.10280849446681084,
                        0.06197694157205973
                    ],
                    [
                        0.31920620198952576,
                        0.22081839057846192,
                        0.16498573509496775,
                        0.13020371177071868,
                        0.10280855683205245,
                        0.06197740373427355
                    ],
                    [
                        0.3192073535186306,
                        0.22081539346553186,
                        0.164985469229547,
                        0.13020464842393692,
                        0.1028096839467212,
                        0.06197745141563247
                    ],
                    [
                        0.3192078315283595,
                        0.22081437841255624,
                        0.1649849626281325,
                        0.13020515544098973,
                        0.10281015922078621,
                        0.061977512769175694
                    ],
                    [
                        0.31920943820020725,
                        0.22081433645213036,
                        0.1649846075533318,
                        0.13020447230221166,
                        0.10280989263579787,
                        0.06197725285632104
                    ],
                    [
                        0.3192106034967057,
                        0.22081466570286837,
                        0.16498440339381645,
                        0.1302039282096711,
                        0.1028093825533861,
                        0.06197701664355211
                    ]
                ],
                "motion_vectors_variance": [
                    1.1723941526316841,
                    1.139841086064517,
                    1.2661109199072478,
                    1.183204869642505,
                    1.144532192240296,
                    1.167676326777154
                ],
                "motion_vectors_priors": [
                    0.3249551166965889,
                    0.22082585278276481,
                    0.20287253141831238,
                    0.09515260323159784,
                    0.08258527827648116,
                    0.07360861759425494
                ],
                "init_position_prior": 0.047619047619047616
            },
            {
                "centroid": [
                    72.0,
                    144.0
                ],
                "x_limits": [
                    0,
                    144
                ],
                "y_limits": [
                    96,
                    192
                ],
                "motion_vectors": [
                    [
                        -1.6249825442288852,
                        0.5727574717142538
                    ],
                    [
                        0.7879239518011498,
                        -0.23983088609941333
                    ],
                    [
                        -0.3033382822583872,
                        0.3017097948308959
                    ],
                    [
                        -1.1892034992203122,
                        0.5525471266280371
                    ],
                    [
                        -2.676383009067161,
                        1.5135691727313751
                    ],
                    [
                        1.8481538083604874,
                        2.7643583833887533
                    ]
                ],
                "transition_matrix": [
                    [
                        0.3193145973727963,
                        0.22051529109819493,
                        0.16495297928455321,
                        0.13041011400728608,
                        0.10296815006133132,
                        0.061838868175838155
                    ],
                    [
                        0.31931324767272046,
                        0.22051477984435208,
                        0.16495267695075294,
                        0.13041153958451593,
                        0.10296879247603898,
                        0.06183896347161961
                    ],
                    [
                        0.31931489929127194,
                        0.22051111077480345,
                        0.16495222265074502,
                        0.13041273821604513,
                        0.10297018824350519,
                        0.06183884082362918
                    ],
                    [
                        0.319315634362675,
                        0.22050976276046916,
                        0.1649516257103759,
                        0.1304133680652239,
                        0.10297079360395738,
                        0.06183881549729872
                    ],
                    [
                        0.3193173699137415,
                        0.22050952814973324,
                        0.1649512237721215,
                        0.13041276711965197,
                        0.10297060513448585,
                        0.06183850591026606
                    ],
                    [
                        0.3193186613510365,
                        0.2205096618500201,
                        0.1649509747247091,
                        0.13041230319605993,
                        0.10297017868114236,
                        0.061838220197032105
                    ]
                ],
                "motion_vectors_variance": [
                    2.9714750097138967,
                    2.859950931525569,
                    4.532474649199104,
                    2.205813719158991,
                    2.1843917819182437,
                    1.9273120022130803
                ],
                "motion_vectors_priors": [
                    0.20357142857142857,
                    0.19464285714285715,
                    0.175,
                    0.17142857142857143,
                    0.14107142857142857,
                    0.11428571428571428
                ],
                "init_position_prior": 0.09523809523809523
            },
            {
                "centroid": [
                    72.0,
                    240.0
                ],
                "x_limits": [
                    0,
                    144
                ],
                "y_limits": [
                    192,
                    288
                ],
                "motion_vectors": [
                    [
                        0.29040677771021234,
                        -0.21147731738437492
                    ],
                    [
                        -0.7623461247686825,
                        -1.2808562991643648
                    ],
                    [
                        -0.04725095750976269,
                        -0.2150076076768587
                    ],
                    [
                        -0.008992989622295333,
                        0.04903443854185312
                    ],
                    [
                        0.22475390233235837,
                        -1.4085712945684064
                    ],
                    [
                        -0.2627583538886476,
                        -1.407043395735256
                    ]
                ],
                "transition_matrix": [
                    [
                        0.31931204368104016,
                        0.22037166535454294,
                        0.16495628832851109,
                        0.13056083307307065,
                        0.10306604747420932,
                        0.06173312208862575
                    ],
                    [
                        0.3193109738071708,
                        0.22037062931432408,
                        0.16495590479988526,
                        0.13056249075575074,
                        0.10306692809682522,
                        0.061733073226043884
                    ],
                    [
                        0.31931273231461094,
                        0.22036674224128946,
                        0.16495540722453378,
                        0.13056380298009257,
                        0.10306842672636256,
                        0.06173288851311073
                    ],
                    [
                        0.319313525665706,
                        0.2203652869569047,
                        0.16495478957182166,
                        0.13056448451193953,
                        0.10306908139475014,
                        0.06173283189887795
                    ],
                    [
                        0.3193152812815587,
                        0.22036498474556837,
                        0.16495437734052049,
                        0.13056392289794627,
                        0.10306892716938844,
                        0.06173250656501773
                    ],
                    [
                        0.3193165963390446,
                        0.22036504673428967,
                        0.1649541184362383,
                        0.13056349754123545,
                        0.10306853786042754,
                        0.06173220308876464
                    ]
                ],
                "motion_vectors_variance": [
                    129.9254313804177,
                    2.496029289202395,
                    9.24274260189486,
                    2.057661305463554,
                    3.666324457533109,
                    1.8791445178894144
                ],
                "motion_vectors_priors": [
                    0.3769968051118211,
                    0.19169329073482427,
                    0.1501597444089457,
                    0.134185303514377,
                    0.1182108626198083,
                    0.02875399361022364
                ],
                "init_position_prior": 0.023809523809523808
            },
            {
                "centroid": [
                    72.0,
                    336.0
                ],
                "x_limits": [
                    0,
                    144
                ],
                "y_limits": [
                    288,
                    384
                ],
                "motion_vectors": [
                    [
                        -1.4401409630231854,
                        -0.37541779530709884
                    ],
                    [
                        -0.10235534227756668,
                        -0.2837657537782981
                    ],
                    [
                        -0.1133783130738228,
                        -0.36396798012257003
                    ],
                    [
                        -0.11386956520017011,
                        0.0794352212189216
                    ],
                    [
                        -0.01924518576243376,
                        -0.6154845733751573
                    ],
                    [
                        0.004591021842803313,
                        -1.8080648465563591
                    ]
                ],
                "transition_matrix": [
                    [
                        0.31913881773715497,
                        0.22044250258444714,
                        0.16501041473236316,
                        0.13065743111914477,
                        0.10308218855993416,
                        0.0616686452669557
                    ],
                    [
                        0.31913821427431766,
                        0.22044075941137323,
                        0.16500987748641005,
                        0.13065934878068924,
                        0.10308336778474021,
                        0.061668432262469715
                    ],
                    [
                        0.3191402609827174,
                        0.22043652516927353,
                        0.16500928170482143,
                        0.13066078807322437,
                        0.1030849932231418,
                        0.06166815084682144
                    ],
                    [
                        0.3191412087908066,
                        0.22043489112148007,
                        0.16500860852716182,
                        0.13066153206648354,
                        0.10308571323371031,
                        0.061668046260357615
                    ],
                    [
                        0.3191430181646149,
                        0.22043448876923818,
                        0.16500817137347146,
                        0.13066101181459758,
                        0.10308560478667307,
                        0.06166770509140499
                    ],
                    [
                        0.31914438791414246,
                        0.22043444774639168,
                        0.1650078915784658,
                        0.13066062937409562,
                        0.10308526173486438,
                        0.06166738165203986
                    ]
                ],
                "motion_vectors_variance": [
                    0.6013053636875798,
                    1.1356819307928496,
                    1.1619924279936358,
                    1.2611868846380059,
                    0.9820506546140336,
                    1.4250191819302127
                ],
                "motion_vectors_priors": [
                    0.22916666666666666,
                    0.20833333333333334,
                    0.20833333333333334,
                    0.1875,
                    0.14583333333333334,
                    0.020833333333333332
                ],
                "init_position_prior": 0.023809523809523808
            },
            {
                "centroid": [
                    72.0,
                    432.0
                ],
                "x_limits": [
                    0,
                    144
                ],
                "y_limits": [
                    384,
                    480
                ],
                "motion_vectors": [
                    [
                        -2.3663448833965397,
                        -0.019576005984474808
                    ],
                    [
                        -2.097191526093073,
                        -0.01135660698755922
                    ],
                    [
                        -0.09111992727609602,
                        -0.04379953540749244
                    ],
                    [
                        -0.1729508034850688,
                        0.20600686347789904
                    ],
                    [
                        -2.105631061251261,
                        0.3787402090351781
                    ],
                    [
                        -1.8782777378441309,
                        2.1104025890683644
                    ]
                ],
                "transition_matrix": [
                    [
                        0.3188228296741471,
                        0.22065479233164093,
                        0.16511594884750708,
                        0.1307370946138703,
                        0.10304950154099458,
                        0.06161983299183994
                    ],
                    [
                        0.3188221501007193,
                        0.22065290947504132,
                        0.16511544606747872,
                        0.13073910704951566,
                        0.10305078668811464,
                        0.06161960061913053
                    ],
                    [
                        0.3188241616368,
                        0.22064865092337754,
                        0.1651148780241965,
                        0.13074057852497206,
                        0.10305242839753785,
                        0.0616193024931161
                    ],
                    [
                        0.3188251010772406,
                        0.22064700007309962,
                        0.1651142086808876,
                        0.13074133889022768,
                        0.10305315969067236,
                        0.06161919158787207
                    ],
                    [
                        0.3188268742626259,
                        0.22064658116930355,
                        0.1651137770393966,
                        0.13074083484224183,
                        0.10305307177801307,
                        0.06161886090841918
                    ],
                    [
                        0.3188282188279897,
                        0.22064651508155528,
                        0.1651135047176889,
                        0.13074047295007815,
                        0.10305274888718849,
                        0.061618539535499485
                    ]
                ],
                "motion_vectors_variance": [
                    10.660614479217399,
                    5.428672947857452,
                    4.991448961063473,
                    0.6267392071852153,
                    0.9540217878105584,
                    0.888669676996922
                ],
                "motion_vectors_priors": [
                    0.3,
                    0.20303030303030303,
                    0.16666666666666666,
                    0.16666666666666666,
                    0.10303030303030303,
                    0.06060606060606061
                ],
                "init_position_prior": 0.047619047619047616
            }
        ],
        [
            {
                "centroid": [
                    216.0,
                    48.0
                ],
                "x_limits": [
                    144,
                    288
                ],
                "y_limits": [
                    0,
                    96
                ],
                "motion_vectors": [
                    [
                        0.0832569931852457,
                        -0.7762088351723537
                    ],
                    [
                        -0.12466841020316864,
                        -0.3816232167601334
                    ],
                    [
                        0.1797905831463947,
                        -0.7322398313677931
                    ],
                    [
                        0.4567106784251419,
                        5.654973152001142
                    ],
                    [
                        -1.7656269202095158,
                        -1.17048756113775
                    ],
                    [
                        -0.8143833445335069,
                        -1.146953773766723
                    ]
                ],
                "transition_matrix": [
                    [
                        0.3162119778774886,
                        0.2244563226004568,
                        0.16594416546224539,
                        0.12924860679204855,
                        0.10145263397257898,
                        0.06268629329518162
                    ],
                    [
                        0.3162049205235212,
                        0.2244624999122378,
                        0.16594568946557958,
                        0.12924766184087721,
                        0.10145088744970622,
                        0.06268834080807803
                    ],
                    [
                        0.3162043848460471,
                        0.224461840416531,
                        0.1659462144984505,
                        0.12924760595302465,
                        0.10145100307915324,
                        0.06268895120679353
                    ],
                    [
                        0.3162040667858625,
                        0.22446191665224566,
                        0.1659459930282542,
                        0.12924768125081296,
                        0.10145103017456608,
                        0.06268931210825855
                    ],
                    [
                        0.31620502442905674,
                        0.2244625357752878,
                        0.16594582855788595,
                        0.12924669800595126,
                        0.10145056620793451,
                        0.06268934702388375
                    ],
                    [
                        0.31620558472609406,
                        0.2244635085181006,
                        0.16594583650583755,
                        0.12924589984321444,
                        0.10144981691000386,
                        0.06268935349674952
                    ]
                ],
                "motion_vectors_variance": [
                    10.841293446444547,
                    9.040424870771044,
                    4.808961201206062,
                    1.2418677683859196,
                    0.6121035518268018,
                    0.3663265199439332
                ],
                "motion_vectors_priors": [
                    0.31683168316831684,
                    0.20594059405940593,
                    0.15841584158415842,
                    0.11683168316831684,
                    0.100990099009901,
                    0.100990099009901
                ],
                "init_position_prior": 0.09523809523809523
            },
            {
                "centroid": [
                    216.0,
                    144.0
                ],
                "x_limits": [
                    144,
                    288
                ],
                "y_limits": [
                    96,
                    192
                ],
                "motion_vectors": [
                    [
                        -1.29657602061796,
                        0.08514317692807616
                    ],
                    [
                        -1.4935669941928533,
                        0.09531814587139151
                    ],
                    [
                        -1.0360472004660093,
                        0.10696546769795445
                    ],
                    [
                        -1.1855445792754544,
                        0.10235780658317428
                    ],
                    [
                        -1.5695691516894268,
                        0.23425308958527424
                    ],
                    [
                        -0.9564132514698594,
                        0.20532740233830085
                    ]
                ],
                "transition_matrix": [
                    [
                        0.31628240429489685,
                        0.2243022649831433,
                        0.1659070202517653,
                        0.1294367878704865,
                        0.10153933665690124,
                        0.06253218594280677
                    ],
                    [
                        0.31627669500112354,
                        0.22430674146054344,
                        0.16590809087653116,
                        0.12943647457230642,
                        0.10153824343656476,
                        0.06253375465293078
                    ],
                    [
                        0.31627676536737936,
                        0.22430537203408565,
                        0.1659083848847709,
                        0.12943669824047774,
                        0.10153862498399144,
                        0.06253415448929497
                    ],
                    [
                        0.3162767544826187,
                        0.2243050942340217,
                        0.16590805090743344,
                        0.12943690457793058,
                        0.10153878310376628,
                        0.06253441269422932
                    ],
                    [
                        0.31627787549650505,
                        0.22430549630586688,
                        0.16590782341996047,
                        0.12943601435522864,
                        0.101538404126094,
                        0.06253438629634504
                    ],
                    [
                        0.31627860474736075,
                        0.22430623871685124,
                        0.16590776946293417,
                        0.1294353112913177,
                        0.10153774864795394,
                        0.06253432713358227
                    ]
                ],
                "motion_vectors_variance": [
                    1.0130691642465415,
                    1.9635275892108097,
                    1.0673147241896859,
                    1.120570428964109,
                    1.3411245423251803,
                    1.3553777806869747
                ],
                "motion_vectors_priors": [
                    0.42857142857142855,
                    0.24338624338624337,
                    0.08994708994708994,
                    0.08465608465608465,
                    0.08465608465608465,
                    0.06878306878306878
                ],
                "init_position_prior": 0.0
            },
            {
                "centroid": [
                    216.0,
                    240.0
                ],
                "x_limits": [
                    144,
                    288
                ],
                "y_limits": [
                    192,
                    288
                ],
                "motion_vectors": [
                    [
                        -0.7575575617152331,
                        1.3549390426631605
                    ],
                    [
                        -0.4371153616099583,
                        -1.0146379924282145
                    ],
                    [
                        -0.6282823964651305,
                        0.46614869365993356
                    ],
                    [
                        -0.4210901516431911,
                        1.97933137624553
                    ],
                    [
                        -0.32437747977472364,
                        -0.9842585948098335
                    ],
                    [
                        -0.9623480785542008,
                        0.46825438623817967
                    ]
                ],
                "transition_matrix": [
                    [
                        0.31625143533360317,
                        0.22421904629413575,
                        0.1659158419491236,
                        0.129594533694522,
                        0.10160443926845487,
                        0.062414703460160564
                    ],
                    [
                        0.3162464005316957,
                        0.2242226450344388,
                        0.1659166875263567,
                        0.12959458121359912,
                        0.10160368732310306,
                        0.06241599837080682
                    ],
                    [
                        0.3162467659650706,
                        0.2242209111638972,
                        0.16591686963169025,
                        0.1295949714015578,
                        0.10160420745006915,
                        0.062416274387714965
                    ],
                    [
                        0.3162469056528157,
                        0.224220453739209,
                        0.1659164802156308,
                        0.12959525454093002,
                        0.1016044330793963,
                        0.06241647277201822
                    ],
                    [
                        0.3162480988386746,
                        0.22422074234086437,
                        0.16591622212355758,
                        0.1295944211865234,
                        0.1016041017507761,
                        0.06241641375960401
                    ],
                    [
                        0.31624890482945833,
                        0.22422136483950958,
                        0.1659161388201051,
                        0.12959377548751158,
                        0.10160349776338916,
                        0.06241631826002645
                    ]
                ],
                "motion_vectors_variance": [
                    3.785849095395032,
                    3.1029728107072687,
                    14.493912444003012,
                    1.4359564371899043,
                    3.0402640970261707,
                    1.3040353988015314
                ],
                "motion_vectors_priors": [
                    0.41386554621848737,
                    0.23739495798319327,
                    0.14915966386554622,
                    0.08403361344537816,
                    0.06512605042016807,
                    0.05042016806722689
                ],
                "init_position_prior": 0.0
            },
            {
                "centroid": [
                    216.0,
                    336.0
                ],
                "x_limits": [
                    144,
                    288
                ],
                "y_limits": [
                    288,
                    384
                ],
                "motion_vectors": [
                    [
                        0.44817354928064546,
                        -0.9908500752455834
                    ],
                    [
                        0.016827688420962494,
                        -0.17125186526486627
                    ],
                    [
                        0.15256465124976196,
                        -0.039107303899638166
                    ],
                    [
                        -0.29948731226377395,
                        1.0571665631370406
                    ],
                    [
                        0.8880326436946084,
                        -0.2517135554717467
                    ],
                    [
                        -0.8384875167912509,
                        -0.39923147612194065
                    ]
                ],
                "transition_matrix": [
                    [
                        0.31605726211234003,
                        0.2242167981491488,
                        0.16598741285529506,
                        0.12973509365479868,
                        0.10166404610967895,
                        0.06233938711873847
                    ],
                    [
                        0.3160533132851733,
                        0.22421896691879345,
                        0.16598790613738026,
                        0.12973559742060917,
                        0.10166385054460497,
                        0.06234036569343886
                    ],
                    [
                        0.3160542459459497,
                        0.2242165780357097,
                        0.16598789678289105,
                        0.1297361987647535,
                        0.10166460226116539,
                        0.062340478209530543
                    ],
                    [
                        0.3160546815294481,
                        0.22421579211534723,
                        0.16598740414152008,
                        0.12973658466521418,
                        0.10166494334246615,
                        0.062340594206004324
                    ],
                    [
                        0.3160560059489516,
                        0.22421588955452487,
                        0.1659870951631881,
                        0.12973581883971658,
                        0.1016646900721348,
                        0.06234050042148415
                    ],
                    [
                        0.3160569471848508,
                        0.22421631356852093,
                        0.1659869645762215,
                        0.12973524339507764,
                        0.10166416676309638,
                        0.06234036451223278
                    ]
                ],
                "motion_vectors_variance": [
                    2.7067042461488504,
                    3.1861096697707376,
                    4.277833587608859,
                    2.322133161061958,
                    2.1794172372387375,
                    1.9495014835530242
                ],
                "motion_vectors_priors": [
                    0.43243243243243246,
                    0.16756756756756758,
                    0.15675675675675677,
                    0.1,
                    0.0918918918918919,
                    0.051351351351351354
                ],
                "init_position_prior": 0.0
            },
            {
                "centroid": [
                    216.0,
                    432.0
                ],
                "x_limits": [
                    144,
                    288
                ],
                "y_limits": [
                    384,
                    480
                ],
                "motion_vectors": [
                    [
                        -0.013498073623630813,
                        0.12610105909855607
                    ],
                    [
                        -0.3169591626290853,
                        0.1636706615287598
                    ],
                    [
                        -0.33482272037623584,
                        0.2638670572716707
                    ],
                    [
                        0.21038720928834878,
                        0.39319261941543404
                    ],
                    [
                        1.1709799874119131,
                        0.44761425768853125
                    ],
                    [
                        1.8942533597791615,
                        0.024900170519440545
                    ]
                ],
                "transition_matrix": [
                    [
                        0.31574554940964283,
                        0.22428654086365749,
                        0.16610666419835396,
                        0.12987528539753634,
                        0.10171770040664052,
                        0.06226825972416897
                    ],
                    [
                        0.315741709400857,
                        0.22428823397056416,
                        0.16610715002705742,
                        0.12987598106670967,
                        0.10171775989400672,
                        0.06226916564080502
                    ],
                    [
                        0.31574262979252676,
                        0.2242857027163709,
                        0.16610716943563592,
                        0.12987665308035926,
                        0.1017185902423934,
                        0.06226925473271393
                    ],
                    [
                        0.3157430684081904,
                        0.22428484874968335,
                        0.1661066815293848,
                        0.12987707207244534,
                        0.10171896990866582,
                        0.06226935933163036
                    ],
                    [
                        0.31574436596491795,
                        0.22428489191874043,
                        0.16610637736426495,
                        0.1298763364025302,
                        0.10171875617821406,
                        0.062269272171332324
                    ],
                    [
                        0.31574529818849967,
                        0.22428524956401832,
                        0.16610625095224263,
                        0.12987579559018703,
                        0.10171827311618536,
                        0.06226913258886697
                    ]
                ],
                "motion_vectors_variance": [
                    16.226213473438502,
                    0.9507107321430537,
                    4.6228537757603405,
                    9.971175290075259,
                    0.5843629817944883,
                    0.8344487111027743
                ],
                "motion_vectors_priors": [
                    0.28667563930013457,
                    0.20861372812920592,
                    0.17496635262449528,
                    0.15074024226110364,
                    0.13055181695827725,
                    0.04845222072678331
                ],
                "init_position_prior": 0.0
            }
        ],
        [
            {
                "centroid": [
                    360.0,
                    48.0
                ],
                "x_limits": [
                    288,
                    432
                ],
                "y_limits": [
                    0,
                    96
                ],
                "motion_vectors": [
                    [
                        -2.3086007777872997,
                        -0.2041073303872784
                    ],
                    [
                        2.255622754289946,
                        -0.2723442728143688
                    ],
                    [
                        -0.5434452351421428,
                        0.006898502262004641
                    ],
                    [
                        -0.3330282974370551,
                        -0.0288154838738362
                    ],
                    [
                        -0.6136588286087751,
                        -0.44130672938664167
                    ],
                    [
                        -0.285030761917114,
                        -0.2819156680812166
                    ]
                ],
                "transition_matrix": [
                    [
                        0.30988348183266595,
                        0.22993233368496738,
                        0.16821772200543453,
                        0.12793535026634834,
                        0.09988581937053988,
                        0.06414529284004403
                    ],
                    [
                        0.30986816247531335,
                        0.2299450810958683,
                        0.168222238276144,
                        0.1279316214129101,
                        0.09988241832823408,
                        0.06415047841153028
                    ],
                    [
                        0.30986460248956993,
                        0.2299471560655076,
                        0.1682243990682513,
                        0.12793005892186232,
                        0.09988151245089037,
