{
    "width": 720.0,
    "height": 480.0,
    "nr_nodes": 16,
    "side": 4,
    "x_interval": 180.0,
    "y_interval": 120.0,
    "nr_fields": 4,
    "grid_matrix": [
        [
            {
                "centroid": [
                    90.0,
                    60.0
                ],
                "x_limits": [
                    0,
                    180
                ],
                "y_limits": [
                    0,
                    120
                ],
                "motion_vectors": [
                    [
                        0.0,
                        0.0
                    ],
                    [
                        0.0,
                        0.0
                    ],
                    [
                        0.0,
                        0.0
                    ],
                    [
                        0.0,
                        0.0
                    ]
                ],
                "transition_matrix": [
                    [
                        0.39750884157321026,
                        0.2649852473439114,
                        0.2308600566970905,
                        0.1066458543857877
                    ],
                    [
                        0.39575284936160954,
                        0.2652597385299918,
                        0.22866833946504153,
                        0.11031907264335707
                    ],
                    [
                        0.39472459093092443,
                        0.26577902667254977,
                        0.22829676342344515,
                        0.11119961897308062
                    ],
                    [
                        0.3812309126184997,
                        0.2691742195097662,
                        0.21724640227266984,
                        0.13234846559906416
                    ]
                ],
                "motion_vectors_variance": [
                    1.5283071473669985,
                    1.5282678207070806,
                    1.5283537092431891,
                    1.527990995374011
                ],
                "motion_vectors_priors": [
                    0.38239339752407153,
                    0.33975240715268223,
                    0.14580467675378267,
                    0.13204951856946354
                ],
                "init_position_prior": 0.07142857142857142
            },
            {
                "centroid": [
                    90.0,
                    180.0
                ],
                "x_limits": [
                    0,
                    180
                ],
                "y_limits": [
                    120,
                    240
                ],
                "motion_vectors": [
                    [
                        0.0,
                        0.0
                    ],
                    [
                        0.0,
                        0.0
                    ],
                    [
                        0.0,
                        0.0
                    ],
                    [
                        0.0,
                        0.0
                    ]
                ],
                "transition_matrix": [
                    [
                        0.39853070715158395,
                        0.26506181435260395,
                        0.23274492271584074,
                        0.10366255577997137
                    ],
                    [
                        0.3962506049769534,
                        0.26530662547223577,
                        0.22959044763739853,
                        0.10885232191341232
                    ],
                    [
                        0.39511274535842406,
                        0.26583654074189395,
                        0.2290636810953699,
                        0.10998703280431202
                    ],
                    [
                        0.3809130699939487,
                        0.2692313935735306,
                        0.21684333318026142,
                        0.13301220325225938
                    ]
                ],
                "motion_vectors_variance": [
                    1.811786335316324,
                    1.8118207556095127,
                    1.8117837740679101,
                    1.8119129228843966
                ],
                "motion_vectors_priors": [
                    0.26005361930294907,
                    0.2520107238605898,
                    0.2453083109919571,
                    0.24262734584450402
                ],
                "init_position_prior": 0.07142857142857142
            },
            {
                "centroid": [
                    90.0,
                    300.0
                ],
                "x_limits": [
                    0,
                    180
                ],
                "y_limits": [
                    240,
                    360
                ],
                "motion_vectors": [
                    [
                        0.0,
                        0.0
                    ],
                    [
                        0.0,
                        0.0
                    ],
                    [
                        0.0,
                        0.0
                    ],
                    [
                        0.0,
                        0.0
                    ]
                ],
                "transition_matrix": [
                    [
                        0.3998538459912179,
                        0.2650147462110178,
                        0.23475565450607444,
                        0.10037575329168973
                    ],
                    [
                        0.39674085062557946,
                        0.26532389207214924,
                        0.23039254651808538,
                        0.10754271078418584
                    ],
                    [
                        0.3953920027064767,
                        0.265911745724318,
                        0.22966779095470685,
                        0.10902846061449854
                    ],
                    [
                        0.3802744394401432,
                        0.26935431633807316,
                        0.21607832118540904,
                        0.13429292303637458
                    ]
                ],
                "motion_vectors_variance": [
                    2.400074475653562,
                    2.3999596422479113,
                    2.3998066781386598,
                    2.400755855341692
                ],
                "motion_vectors_priors": [
                    0.5158730158730159,
                    0.23809523809523808,
                    0.15079365079365079,
                    0.09523809523809523
                ],
                "init_position_prior": 0.023809523809523808
            },
            {
                "centroid": [
                    90.0,
                    420.0
                ],
                "x_limits": [
                    0,
                    180
                ],
                "y_limits": [
                    360,
                    480
                ],
                "motion_vectors": [
                    [
                        0.0,
                        0.0
                    ],
                    [
                        0.0,
                        0.0
                    ],
                    [
                        0.0,
                        0.0
                    ],
                    [
                        0.0,
                        0.0
                    ]
                ],
                "transition_matrix": [
                    [
                        0.4005929058003902,
                        0.2651939315384362,
                        0.23648400591263055,
                        0.09772915674854306
                    ],
                    [
                        0.39701214817000235,
                        0.2654227109931704,
                        0.2310574705176565,
                        0.1065076703191708
                    ],
                    [
                        0.3955687754846583,
                        0.2659994704627809,
                        0.23014106615020488,
                        0.10829068790235585
                    ],
                    [
                        0.3799103944026055,
                        0.2693565345891604,
                        0.21544930740018767,
                        0.13528376360804636
                    ]
                ],
                "motion_vectors_variance": [
                    0.7818045267321823,
                    0.7817519621507945,
                    0.7818343248439057,
                    0.7814947128981031
                ],
                "motion_vectors_priors": [
                    0.3148148148148148,
                    0.2804232804232804,
                    0.24603174603174602,
                    0.15873015873015872
                ],
                "init_position_prior": 0.07142857142857142
            }
        ],
        [
            {
                "centroid": [
                    270.0,
                    60.0
                ],
                "x_limits": [
                    180,
                    360
                ],
                "y_limits": [
                    0,
                    120
                ],
                "motion_vectors": [
                    [
                        0.0,
                        0.0
                    ],
                    [
                        0.0,
                        0.0
                    ],
                    [
                        0.0,
                        0.0
                    ],
                    [
                        0.0,
                        0.0
                    ]
                ],
                "transition_matrix": [
                    [
                        0.39300477705024706,
                        0.2664566970974731,
                        0.22801126453451184,
                        0.11252726131776805
                    ],
                    [
                        0.3952011217014797,
                        0.266085071442044,
                        0.23017439828942574,
                        0.10853940856705058
                    ],
                    [
                        0.3965905715943768,
                        0.26534541743588985,
                        0.2304539695060329,
                        0.10761004146370054
                    ],
                    [
                        0.40248930815553263,
                        0.25757166740805554,
                        0.2179965810001877,
                        0.12194244343622421
                    ]
                ],
                "motion_vectors_variance": [
                    0.7447834078426188,
                    0.7447861933639304,
                    0.7448852966877241,
                    0.7444660876357032
                ],
                "motion_vectors_priors": [
                    0.34718100890207715,
                    0.25667655786350146,
                    0.21068249258160238,
                    0.18545994065281898
                ],
                "init_position_prior": 0.09523809523809523
            },
            {
                "centroid": [
                    270.0,
                    180.0
                ],
                "x_limits": [
                    180,
                    360
                ],
                "y_limits": [
                    120,
                    240
                ],
                "motion_vectors": [
                    [
                        0.0,
                        0.0
                    ],
                    [
                        0.0,
                        0.0
                    ],
                    [
                        0.0,
                        0.0
                    ],
                    [
                        0.0,
                        0.0
                    ]
                ],
                "transition_matrix": [
                    [
                        0.3948481784755562,
                        0.2665120697527411,
                        0.23111391063165307,
                        0.10752584114004968
                    ],
                    [
                        0.39612452188128217,
                        0.2660721749919848,
                        0.23159665444312888,
                        0.10620664868360419
                    ],
                    [
                        0.39737211636973685,
                        0.2653222672945018,
                        0.23160269036930817,
                        0.10570292596645309
                    ],
                    [
                        0.40220538186274746,
                        0.25734998188839125,
                        0.2165623383404986,
                        0.12388229790836261
                    ]
                ],
                "motion_vectors_variance": [
                    0.6941070069468543,
                    0.6941414828813329,
                    0.69408592098536,
                    0.6943140543984145
                ],
                "motion_vectors_priors": [
                    0.38317757009345793,
                    0.22429906542056074,
                    0.205607476635514,
                    0.18691588785046728
                ],
                "init_position_prior": 0.0
            },
            {
                "centroid": [
                    270.0,
                    300.0
                ],
                "x_limits": [
                    180,
                    360
                ],
                "y_limits": [
                    240,
                    360
                ],
                "motion_vectors": [
                    [
                        0.0,
                        0.0
                    ],
                    [
                        0.0,
                        0.0
                    ],
                    [
                        0.0,
                        0.0
                    ],
                    [
                        0.0,
                        0.0
                    ]
                ],
                "transition_matrix": [
                    [
                        0.39836021337302535,
                        0.26663380995517505,
                        0.23700982577436763,
                        0.09799615089743187
                    ],
                    [
                        0.39754332511137247,
                        0.2660076012921621,
                        0.23362754329166074,
                        0.10282153030480462
                    ],
                    [
                        0.398518846841689,
                        0.2652068888048381,
                        0.2330340786676121,
                        0.10324018568586071
                    ],
                    [
                        0.401687023975863,
                        0.2569141573607216,
                        0.21387870143602,
                        0.12752011722739545
                    ]
                ],
                "motion_vectors_variance": [
                    2.124072513410136,
                    2.124352596586294,
                    2.1241943142922293,
                    2.124817804288507
                ],
                "motion_vectors_priors": [
                    0.4089285714285714,
                    0.2785714285714286,
                    0.1625,
                    0.15
                ],
                "init_position_prior": 0.0
            },
            {
                "centroid": [
                    270.0,
                    420.0
                ],
                "x_limits": [
                    180,
                    360
                ],
                "y_limits": [
                    360,
                    480
                ],
                "motion_vectors": [
                    [
                        0.0,
                        0.0
                    ],
                    [
                        0.0,
                        0.0
                    ],
                    [
                        0.0,
                        0.0
                    ],
                    [
                        0.0,
                        0.0
                    ]
                ],
                "transition_matrix": [
                    [
                        0.3997366800748567,
                        0.2666877852101714,
                        0.23935600019015205,
                        0.09421953452481983
                    ],
                    [
                        0.39816965643700936,
                        0.26598819610728297,
                        0.23455540206446263,
                        0.10128674539124509
                    ],
                    [
                        0.39903080571109323,
                        0.2651690237618723,
                        0.2337168836557993,
                        0.10208328687123522
                    ],
                    [
                        0.40149852068783937,
                        0.2567291714918654,
                        0.2127992621862782,
                        0.12897304563401715
                    ]
                ],
                "motion_vectors_variance": [
                    0.6135440078264316,
                    0.6135630781972944,
                    0.613528162388827,
                    0.6136905054558859
                ],
                "motion_vectors_priors": [
                    0.5579352004393191,
                    0.19989017023613398,
                    0.16199890170236134,
                    0.08017572762218561
                ],
                "init_position_prior": 0.11904761904761904
            }
        ],
        [
            {
                "centroid": [
                    450.0,
                    60.0
                ],
                "x_limits": [
                    360,
                    540
                ],
                "y_limits": [
                    0,
                    120
                ],
                "motion_vectors": [
                    [
                        0.0,
                        0.0
                    ],
                    [
                        0.0,
                        0.0
                    ],
                    [
                        0.0,
                        0.0
                    ],
                    [
                        0.0,
                        0.0
                    ]
                ],
                "transition_matrix": [
                    [
                        0.40436992358439766,
                        0.26616348296015957,
                        0.2455133034003297,
                        0.08395329005511298
                    ],
                    [
                        0.40480859741056624,
                        0.26641505898350787,
                        0.24693041893083964,
                        0.0818459246750863
                    ],
                    [
                        0.40482832993389545,
                        0.26653138890664635,
                        0.24730484212387105,
                        0.08133543903558721
                    ],
                    [
                        0.4050882833244441,
                        0.26680916630384693,
                        0.2487636476198727,
                        0.07933890275183622
                    ]
                ],
                "motion_vectors_variance": [
                    0.8176601879350739,
                    0.8176571388303808,
                    0.8176880670703333,
                    0.8174961600224425
                ],
                "motion_vectors_priors": [
                    0.3783783783783784,
                    0.36486486486486486,
                    0.23938223938223938,
                    0.017374517374517374
                ],
                "init_position_prior": 0.14285714285714285
            },
            {
                "centroid": [
                    450.0,
                    180.0
                ],
                "x_limits": [
                    360,
                    540
                ],
                "y_limits": [
                    120,
                    240
                ],
                "motion_vectors": [
                    [
                        0.0,
                        0.0
                    ],
                    [
                        0.0,
                        0.0
                    ],
                    [
                        0.0,
                        0.0
                    ],
                    [
                        0.0,
                        0.0
                    ]
                ],
                "transition_matrix": [
                    [
                        0.405277386463097,
                        0.26663061181445497,
                        0.24858226752305124,
                        0.07950973419939678
                    ],
                    [
                        0.40552654082273387,
                        0.26667562413205015,
                        0.24866901764553742,
                        0.07912881739967867
                    ],
                    [
                        0.4055497324725582,
                        0.26668511606892303,
                        0.2486715914004651,
                        0.07909356005805358
                    ],
                    [
                        0.4053912647304724,
                        0.2666848412855274,
                        0.24868081119634847,
                        0.07924308278765159
                    ]
                ],
                "motion_vectors_variance": [
                    3.1473184357119366,
                    3.1473191188757927,
                    3.147308147018985,
                    3.147377941737706
                ],
                "motion_vectors_priors": [
                    0.39274924471299094,
                    0.24773413897280966,
                    0.2054380664652568,
                    0.1540785498489426
                ],
                "init_position_prior": 0.0
            },
            {
                "centroid": [
                    450.0,
                    300.0
                ],
                "x_limits": [
                    360,
                    540
                ],
                "y_limits": [
                    240,
                    360
                ],
                "motion_vectors": [
                    [
                        0.0,
                        0.0
                    ],
                    [
                        0.0,
                        0.0
                    ],
                    [
                        0.0,
                        0.0
                    ],
                    [
                        0.0,
                        0.0
                    ]
                ],
                "transition_matrix": [
                    [
                        0.40528472536608395,
                        0.2666346583122201,
                        0.24860711441827754,
                        0.07947350190341847
                    ],
                    [
                        0.40553558037483467,
                        0.2666793773243885,
                        0.24869412545800615,
                        0.07909091684277081
                    ],
                    [
                        0.40555985767674907,
                        0.2666871953303204,
                        0.24869323673486943,
                        0.0790597102580611
                    ],
                    [
                        0.4054318531184688,
                        0.26666607401508535,
                        0.24866318763112874,
                        0.07923888523531716
                    ]
                ],
                "motion_vectors_variance": [
                    0.8852034737648785,
                    0.8851967249976536,
                    0.8852339105185576,
                    0.884955673281988
                ],
                "motion_vectors_priors": [
                    0.40691489361702127,
                    0.2670212765957447,
                    0.25,
                    0.07606382978723404
                ],
                "init_position_prior": 0.16666666666666666
            },
            {
                "centroid": [
                    450.0,
                    420.0
                ],
                "x_limits": [
                    360,
                    540
                ],
                "y_limits": [
                    360,
                    480
                ],
                "motion_vectors": [
                    [
                        0.0,
                        0.0
                    ],
                    [
                        0.0,
                        0.0
                    ],
                    [
                        0.0,
                        0.0
                    ],
                    [
                        0.0,
                        0.0
                    ]
                ],
                "transition_matrix": [
                    [
                        0.4052882738420119,
                        0.2666365424808454,
                        0.24861975976959197,
                        0.07945542390755073
                    ],
                    [
                        0.40554069140435683,
                        0.2666811492123685,
                        0.2487054977124638,
                        0.0790726616708109
                    ],
                    [
                        0.40556560861933183,
                        0.2666884333062706,
                        0.24870299878873398,
                        0.07904295928566363
                    ],
                    [
                        0.4054472313350958,
                        0.2666597582291246,
                        0.24865868266807312,
                        0.07923432776770649
                    ]
                ],
                "motion_vectors_variance": [
                    0.8461059784063851,
                    0.8461056488500063,
                    0.8461066534404625,
                    0.8460975293149312
                ],
                "motion_vectors_priors": [
                    0.28297872340425534,
                    0.26382978723404255,
                    0.250354609929078,
                    0.2028368794326241
                ],
                "init_position_prior": 0.11904761904761904
            }
        ],
        [
            {
                "centroid": [
                    630.0,
                    60.0
                ],
                "x_limits": [
                    540,
                    720
                ],
                "y_limits": [
                    0,
                    120
                ],
                "motion_vectors": [
                    [
                        0.0,
                        0.0
                    ],
                    [
                        0.0,
                        0.0
                    ],
                    [
                        0.0,
                        0.0
                    ],
                    [
                        0.0,
                        0.0
                    ]
                ],
                "transition_matrix": [
                    [
                        0.39850410194767844,
                        0.26343026172398065,
                        0.22855448075466037,
                        0.10951115557368062
                    ],
                    [
                        0.4004276392474931,
                        0.26441693007685857,
                        0.23375324582187282,
                        0.10140218485377558
                    ],
                    [
                        0.3996628983112139,
                        0.26524904205959765,
                        0.23480296316282345,
                        0.10028509646636502
                    ],
                    [
                        0.3944772107662898,
                        0.27048222789122983,
                        0.25187984754505355,
                        0.08316071379742673
                    ]
                ],
                "motion_vectors_variance": [
                    6.800961233820402,
                    6.798255295071488,
                    6.81341285756061,
                    6.743572714854151
                ],
                "motion_vectors_priors": [
                    0.45098039215686275,
                    0.3333333333333333,
                    0.11764705882352941,
                    0.09803921568627451
                ],
                "init_position_prior": 0.0
            },
            {
                "centroid": [
                    630.0,
                    180.0
                ],
                "x_limits": [
                    540,
                    720
                ],
                "y_limits": [
                    120,
                    240
                ],
                "motion_vectors": [
                    [
                        0.0,
                        0.0
                    ],
                    [
                        0.0,
                        0.0
                    ],
                    [
                        0.0,
                        0.0
                    ],
                    [
                        0.0,
                        0.0
                    ]
                ],
                "transition_matrix": [
                    [
                        0.3996549737903428,
                        0.26397465925712005,
                        0.2319823000042892,
                        0.10438806694824798
                    ],
                    [
                        0.40111324905595036,
                        0.26472977828678507,
                        0.235835773476628,
                        0.09832119918063653
                    ],
                    [
                        0.40047910502813727,
                        0.26543965635644207,
                        0.23675580777364189,
                        0.09732543084177886
                    ],
                    [
                        0.3949491035069498,
                        0.27027988468013486,
                        0.2515327893101319,
                        0.08323822250278344
                    ]
                ],
                "motion_vectors_variance": [
                    2.7767139692765292,
                    2.7767539268085657,
                    2.7764907482352874,
                    2.777863303066067
                ],
                "motion_vectors_priors": [
                    0.4666666666666667,
                    0.3087719298245614,
                    0.11228070175438597,
                    0.11228070175438597
                ],
                "init_position_prior": 0.07142857142857142
            },
            {
                "centroid": [
                    630.0,
                    300.0
                ],
                "x_limits": [
                    540,
                    720
                ],
                "y_limits": [
                    240,
                    360
                ],
                "motion_vectors": [
                    [
                        0.0,
                        0.0
                    ],
                    [
                        0.0,
                        0.0
                    ],
                    [
                        0.0,
                        0.0
                    ],
                    [
                        0.0,
                        0.0
                    ]
                ],
                "transition_matrix": [
                    [
                        0.4004220193107256,
                        0.26432977434585075,
                        0.23425369557129377,
                        0.10099451077213001
                    ],
                    [
                        0.401641437969014,
                        0.2649777790607792,
                        0.23750095098480864,
                        0.09587983198539816
                    ],
                    [
                        0.4011371287274412,
                        0.26558845658535035,
                        0.2383605841963112,
                        0.09491383049089724
                    ],
                    [
                        0.39555699555820506,
                        0.2699877208383592,
                        0.2509357831688297,
                        0.08351950043460604
                    ]
                ],
                "motion_vectors_variance": [
                    1.1999811794828308,
                    1.199989523972074,
                    1.1999295320897019,
                    1.2002529214036084
                ],
                "motion_vectors_priors": [
                    0.37315634218289084,
                    0.27728613569321536,
                    0.2728613569321534,
                    0.07669616519174041
                ],
                "init_position_prior": 0.0
            },
            {
                "centroid": [
                    630.0,
                    420.0
                ],
                "x_limits": [
                    540,
                    720
                ],
                "y_limits": [
                    360,
                    480
                ],
                "motion_vectors": [
                    [
                        0.0,
                        0.0
                    ],
                    [
                        0.0,
                        0.0
                    ],
                    [
                        0.0,
                        0.0
                    ],
                    [
                        0.0,
                        0.0
                    ]
                ],
                "transition_matrix": [
                    [
                        0.4016986642569735,
                        0.26503789991935844,
                        0.23836720218555466,
                        0.09489623363811334
                    ],
                    [
                        0.4023739158803407,
                        0.2653832863789979,
                        0.23996013189225604,
                        0.09228266584840544
                    ],
                    [
                        0.4020144166054057,
                        0.26581581698768264,
                        0.24055222358805153,
                        0.09161754281886007
                    ],
                    [
                        0.39616696689417635,
                        0.26964550728802045,
                        0.25021459077593095,
                        0.08397293504187227
                    ]
                ],
                "motion_vectors_variance": [
                    0.27086080440777943,
                    0.2708579912058478,
                    0.2708503607714167,
                    0.2708903572071732
                ],
                "motion_vectors_priors": [
                    0.4315605928509154,
                    0.2728857890148213,
                    0.17698343504795117,
                    0.11857018308631212
                ],
                "init_position_prior": 0.047619047619047616
            }
        ]
    ]
}