{
    "width": 720.0,
    "height": 480.0,
    "nr_nodes": 25,
    "side": 5,
    "x_interval": 144.0,
    "y_interval": 96.0,
    "nr_fields": 4,
    "grid_matrix": [
        [
            {
                "centroid": [
                    72.0,
                    48.0
                ],
                "x_limits": [
                    0,
                    144
                ],
                "y_limits": [
                    0,
                    96
                ],
                "motion_vectors": [
                    [
                        0.0,
                        0.0
                    ],
                    [
                        0.0,
                        0.0
                    ],
                    [
                        0.0,
                        0.0
                    ],
                    [
                        0.0,
                        0.0
                    ]
                ],
                "transition_matrix": [
                    [
                        0.45090001879398245,
                        0.2662838952107821,
                        0.16369815502045182,
                        0.11911793097478354
                    ],
                    [
                        0.4309718808247085,
                        0.26926790118081323,
                        0.17539789506001238,
                        0.12436232293446575
                    ],
                    [
                        0.4088993342435683,
                        0.2708666361658407,
                        0.1891714470805435,
                        0.13106258251004746
                    ],
                    [
                        0.39902103707449393,
                        0.26957881564739666,
                        0.19125979859122222,
                        0.14014034868688707
                    ]
                ],
                "motion_vectors_variance": [
                    1.5172713996669518,
                    1.5171318427765847,
                    1.5170434824629482,
                    1.5170829091425417
                ],
                "motion_vectors_priors": [
                    0.414721723518851,
                    0.3339317773788151,
                    0.1490125673249551,
                    0.10233393177737882
                ],
                "init_position_prior": 0.047619047619047616
            },
            {
                "centroid": [
                    72.0,
                    144.0
                ],
                "x_limits": [
                    0,
                    144
                ],
                "y_limits": [
                    96,
                    192
                ],
                "motion_vectors": [
                    [
                        0.0,
                        0.0
                    ],
                    [
                        0.0,
                        0.0
                    ],
                    [
                        0.0,
                        0.0
                    ],
                    [
                        0.0,
                        0.0
                    ]
                ],
                "transition_matrix": [
                    [
                        0.45123370731838863,
                        0.26556726672786524,
                        0.16375721815527405,
                        0.11944180779847192
                    ],
                    [
                        0.43224829542586507,
                        0.26842464261658006,
                        0.17469916912595315,
                        0.12462789283160178
                    ],
                    [
                        0.4100158960271945,
                        0.2699241322814609,
                        0.18843606172646915,
                        0.13162390996487539
                    ],
                    [
                        0.39996905629259993,
                        0.26857318284405585,
                        0.1906946304744304,
                        0.14076313038891372
                    ]
                ],
                "motion_vectors_variance": [
                    1.99097559881659,
                    1.9911959345843835,
                    1.9912961260968636,
                    1.9911462804276931
                ],
                "motion_vectors_priors": [
                    0.2910714285714286,
                    0.28035714285714286,
                    0.25,
                    0.17857142857142858
                ],
                "init_position_prior": 0.09523809523809523
            },
            {
                "centroid": [
                    72.0,
                    240.0
                ],
                "x_limits": [
                    0,
                    144
                ],
                "y_limits": [
                    192,
                    288
                ],
                "motion_vectors": [
                    [
                        0.0,
                        0.0
                    ],
                    [
                        0.0,
                        0.0
                    ],
                    [
                        0.0,
                        0.0
                    ],
                    [
                        0.0,
                        0.0
                    ]
                ],
                "transition_matrix": [
                    [
                        0.4511755014330392,
                        0.2652059156526441,
                        0.16392347147912573,
                        0.11969511143519086
                    ],
                    [
                        0.43103451849575464,
                        0.26760002529023125,
                        0.17538662880165473,
                        0.12597882741235938
                    ],
                    [
                        0.4089919672533825,
                        0.2685128353400047,
                        0.1888616492242641,
                        0.13363354818234874
                    ],
                    [
                        0.39958934291063253,
                        0.2667857180017003,
                        0.19071675808800403,
                        0.14290818099966301
                    ]
                ],
                "motion_vectors_variance": [
                    1.7578841583999048,
                    1.7583294364534012,
                    1.7581508867287057,
                    1.7576084218031898
                ],
                "motion_vectors_priors": [
                    0.5079872204472844,
                    0.2108626198083067,
                    0.1853035143769968,
                    0.09584664536741214
                ],
                "init_position_prior": 0.023809523809523808
            },
            {
                "centroid": [
                    72.0,
                    336.0
                ],
                "x_limits": [
                    0,
                    144
                ],
                "y_limits": [
                    288,
                    384
                ],
                "motion_vectors": [
                    [
                        0.0,
                        0.0
                    ],
                    [
                        0.0,
                        0.0
                    ],
                    [
                        0.0,
                        0.0
                    ],
                    [
                        0.0,
                        0.0
                    ]
                ],
                "transition_matrix": [
                    [
                        0.4488982494109874,
                        0.2653594691148994,
                        0.16535588189433525,
                        0.12038639957977801
                    ],
                    [
                        0.42662022103417657,
                        0.26709893818576386,
                        0.17787326285837762,
                        0.12840757792168198
                    ],
                    [
                        0.40551855852231244,
                        0.2672399313452641,
                        0.19068440168632986,
                        0.13655710844609353
                    ],
                    [
                        0.39760238711108686,
                        0.2650219085220511,
                        0.19150975895341357,
                        0.1458659454134483
                    ]
                ],
                "motion_vectors_variance": [
                    0.4486086830554927,
                    0.4486279283511214,
                    0.44865454914441694,
                    0.4486573162754709
                ],
                "motion_vectors_priors": [
                    0.3333333333333333,
                    0.25,
                    0.20833333333333334,
                    0.20833333333333334
                ],
                "init_position_prior": 0.023809523809523808
            },
            {
                "centroid": [
                    72.0,
                    432.0
                ],
                "x_limits": [
                    0,
                    144
                ],
                "y_limits": [
                    384,
                    480
                ],
                "motion_vectors": [
                    [
                        0.0,
                        0.0
                    ],
                    [
                        0.0,
                        0.0
                    ],
                    [
                        0.0,
                        0.0
                    ],
                    [
                        0.0,
                        0.0
                    ]
                ],
                "transition_matrix": [
                    [
                        0.4460061382768451,
                        0.2661318193873353,
                        0.16693895760552024,
                        0.1209230847302993
                    ],
                    [
                        0.42129501847340617,
                        0.26714556006708046,
                        0.180852501728876,
                        0.13070691973063742
                    ],
                    [
                        0.401759566122706,
                        0.2666936533914017,
                        0.1927505370005078,
                        0.1387962434853846
                    ],
                    [
                        0.3953490186447202,
                        0.2641394920728137,
                        0.19253146189975567,
                        0.1479800273827104
                    ]
                ],
                "motion_vectors_variance": [
                    0.831487780226068,
                    0.8313633122775963,
                    0.8311878804007691,
                    0.8311315886947683
                ],
                "motion_vectors_priors": [
                    0.39090909090909093,
                    0.29393939393939394,
                    0.17575757575757575,
                    0.1393939393939394
                ],
                "init_position_prior": 0.047619047619047616
            }
        ],
        [
            {
                "centroid": [
                    216.0,
                    48.0
                ],
                "x_limits": [
                    144,
                    288
                ],
                "y_limits": [
                    0,
                    96
                ],
                "motion_vectors": [
                    [
                        0.0,
                        0.0
                    ],
                    [
                        0.0,
                        0.0
                    ],
                    [
                        0.0,
                        0.0
                    ],
                    [
                        0.0,
                        0.0
                    ]
                ],
                "transition_matrix": [
                    [
                        0.42348586666094207,
                        0.2682160425861401,
                        0.18018501454933403,
                        0.12811307620358378
                    ],
                    [
                        0.4466580677259223,
                        0.2663530588063619,
                        0.16583062882813926,
                        0.12115824463957657
                    ],
                    [
                        0.45835685361469025,
                        0.2654927425580865,
                        0.15834427987821786,
                        0.11780612394900555
                    ],
                    [
                        0.46439986937041233,
                        0.2655066462638933,
                        0.15479605322742374,
                        0.11529743113827069
                    ]
                ],
                "motion_vectors_variance": [
                    0.3879649722313035,
                    0.38739969546623676,
                    0.3871982867553117,
                    0.38743776884912534
                ],
                "motion_vectors_priors": [
                    0.40594059405940597,
                    0.24356435643564356,
                    0.18613861386138614,
                    0.16435643564356436
                ],
                "init_position_prior": 0.09523809523809523
            },
            {
                "centroid": [
                    216.0,
                    144.0
                ],
                "x_limits": [
                    144,
                    288
                ],
                "y_limits": [
                    96,
                    192
                ],
                "motion_vectors": [
                    [
                        0.0,
                        0.0
                    ],
                    [
                        0.0,
                        0.0
                    ],
                    [
                        0.0,
                        0.0
                    ],
                    [
                        0.0,
                        0.0
                    ]
                ],
                "transition_matrix": [
                    [
                        0.4299278553247261,
                        0.26648374217350307,
                        0.17684868616402416,
                        0.12673971633774672
                    ],
                    [
                        0.45022065038956777,
                        0.26482074665919536,
                        0.16419576687849696,
                        0.1207628360727399
                    ],
                    [
                        0.46019191402459314,
                        0.26403388750728213,
                        0.15778527783447824,
                        0.1179889206336466
                    ],
                    [
                        0.46570549959822943,
                        0.26399926538064544,
                        0.15451617466252274,
                        0.11577906035860232
                    ]
                ],
                "motion_vectors_variance": [
                    1.1445785221492222,
                    1.144799319769715,
                    1.1449510745349758,
                    1.1448439041914347
                ],
                "motion_vectors_priors": [
                    0.4444444444444444,
                    0.31216931216931215,
                    0.15343915343915343,
                    0.08994708994708994
                ],
                "init_position_prior": 0.0
            },
            {
                "centroid": [
                    216.0,
                    240.0
                ],
                "x_limits": [
                    144,
                    288
                ],
                "y_limits": [
                    192,
                    288
                ],
                "motion_vectors": [
                    [
                        0.0,
                        0.0
                    ],
                    [
                        0.0,
                        0.0
                    ],
                    [
                        0.0,
                        0.0
                    ],
                    [
                        0.0,
                        0.0
                    ]
                ],
                "transition_matrix": [
                    [
                        0.44474683481237365,
                        0.26225587790448657,
                        0.16924505195854772,
                        0.12375223532459219
                    ],
                    [
                        0.4574770865668809,
                        0.2614860217219357,
                        0.16094430433294737,
                        0.12009258737823594
                    ],
                    [
                        0.4639141712442074,
                        0.2609915249006879,
                        0.15669078612917448,
                        0.11840351772593012
                    ],
                    [
                        0.46832275592604616,
                        0.2609249855405411,
                        0.15400713071864086,
                        0.11674512781477203
                    ]
                ],
                "motion_vectors_variance": [
                    1.3008942942793382,
                    1.3049710427403267,
                    1.3081846802748087,
                    1.3065681236007929
                ],
                "motion_vectors_priors": [
                    0.5672268907563025,
                    0.28361344537815125,
                    0.08403361344537816,
                    0.06512605042016807
                ],
                "init_position_prior": 0.0
            },
            {
                "centroid": [
                    216.0,
                    336.0
                ],
                "x_limits": [
                    144,
                    288
                ],
                "y_limits": [
                    288,
                    384
                ],
                "motion_vectors": [
                    [
                        0.0,
                        0.0
                    ],
                    [
                        0.0,
                        0.0
                    ],
                    [
                        0.0,
                        0.0
                    ],
                    [
                        0.0,
                        0.0
                    ]
                ],
                "transition_matrix": [
                    [
                        0.45708510104729244,
                        0.2581945057820254,
                        0.16305960391801477,
                        0.12166078925266743
                    ],
                    [
                        0.4636410556441986,
                        0.25817658690521855,
                        0.15834825493450252,
                        0.11983410251608027
                    ],
                    [
                        0.4675218062123107,
                        0.2579163006461532,
                        0.15569064067201357,
                        0.11887125246952264
                    ],
                    [
                        0.47091980726591937,
                        0.2578447894075793,
                        0.15358748206776116,
                        0.11764792125874014
                    ]
                ],
                "motion_vectors_variance": [
                    2.0082870231618686,
                    2.009765441179423,
                    2.0101031039645156,
                    2.0093089953924217
                ],
                "motion_vectors_priors": [
                    0.5027027027027027,
                    0.1891891891891892,
                    0.17027027027027028,
                    0.13783783783783785
                ],
                "init_position_prior": 0.0
            },
            {
                "centroid": [
                    216.0,
                    432.0
                ],
                "x_limits": [
                    144,
                    288
                ],
                "y_limits": [
                    384,
                    480
                ],
                "motion_vectors": [
                    [
                        0.0,
                        0.0
                    ],
                    [
                        0.0,
                        0.0
                    ],
                    [
                        0.0,
                        0.0
                    ],
                    [
                        0.0,
                        0.0
                    ]
                ],
                "transition_matrix": [
                    [
                        0.46242992425127255,
                        0.2562654715155616,
                        0.160428970524794,
                        0.12087563370837195
                    ],
                    [
                        0.46640500914747446,
                        0.25655229478262154,
                        0.15723526204927707,
                        0.11980743402062692
                    ],
                    [
                        0.4692670929541733,
                        0.25638368635506903,
                        0.15522806221141178,
                        0.11912115847934576
                    ],
                    [
                        0.472190220622443,
                        0.2563108680835582,
                        0.15340965753227714,
                        0.11808925376172173
                    ]
                ],
                "motion_vectors_variance": [
                    0.5618249508557026,
                    0.5617686574809336,
                    0.5618172548456907,
                    0.5618283008307302
                ],
                "motion_vectors_priors": [
                    0.39703903095558546,
                    0.2732166890982503,
                    0.1816958277254374,
                    0.1480484522207268
                ],
                "init_position_prior": 0.0
            }
        ],
        [
            {
                "centroid": [
                    360.0,
                    48.0
                ],
                "x_limits": [
                    288,
                    432
                ],
                "y_limits": [
                    0,
                    96
                ],
                "motion_vectors": [
                    [
                        0.0,
                        0.0
                    ],
                    [
                        0.0,
                        0.0
                    ],
                    [
                        0.0,
                        0.0
                    ],
                    [
                        0.0,
                        0.0
                    ]
                ],
                "transition_matrix": [
                    [
                        0.46338683139918657,
                        0.26101744934513244,
                        0.15720627291582684,
                        0.11838944633985411
                    ],
                    [
                        0.45194301504293255,
                        0.2617287624796394,
                        0.1646846324325753,
                        0.12164359004485274
                    ],
                    [
                        0.4466919644424994,
                        0.2620435946921175,
                        0.16834784193204633,
                        0.12291659893333681
                    ],
                    [
                        0.4430741525528675,
                        0.26207144101213764,
                        0.17069706206399285,
                        0.12415734437100197
                    ]
                ],
                "motion_vectors_variance": [
                    1.126201513727793,
                    1.1262201051147074,
                    1.1261154616354656,
                    1.1261369189002461
                ],
                "motion_vectors_priors": [
                    0.3759124087591241,
                    0.29927007299270075,
                    0.2864963503649635,
                    0.03832116788321168
                ],
                "init_position_prior": 0.09523809523809523
            },
            {
                "centroid": [
                    360.0,
                    144.0
                ],
                "x_limits": [
                    288,
                    432
                ],
                "y_limits": [
                    96,
                    192
                ],
                "motion_vectors": [
                    [
                        0.0,
                        0.0
                    ],
                    [
                        0.0,
                        0.0
                    ],
                    [
                        0.0,
                        0.0
                    ],
                    [
                        0.0,
                        0.0
                    ]
                ],
                "transition_matrix": [
                    [
                        0.4633815456062419,
                        0.26101721836314856,
                        0.1572112437434676,
                        0.11838999228714189
                    ],
                    [
                        0.45200787493118966,
                        0.26172765130992665,
                        0.1646426339901521,
                        0.12162183976873148
                    ],
                    [
                        0.4467957353294629,
                        0.26210251902770676,
                        0.16825274863466186,
                        0.12284899700816862
                    ],
                    [
                        0.4430768091251331,
                        0.26231578878828155,
                        0.17059452891174398,
                        0.12401287317484137
                    ]
                ],
                "motion_vectors_variance": [
                    1.721563048785188,
                    1.7214289260642346,
                    1.721170410939162,
                    1.721281987365364
                ],
                "motion_vectors_priors": [
                    0.4619289340101523,
                    0.24619289340101522,
                    0.1700507614213198,
                    0.1218274111675127
                ],
                "init_position_prior": 0.023809523809523808
            },
            {
                "centroid": [
                    360.0,
                    240.0
                ],
                "x_limits": [
                    288,
                    432
                ],
                "y_limits": [
                    192,
                    288
                ],
                "motion_vectors": [
                    [
                        0.0,
                        0.0
                    ],
                    [
                        0.0,
                        0.0
                    ],
                    [
                        0.0,
                        0.0
                    ],
                    [
                        0.0,
                        0.0
                    ]
                ],
                "transition_matrix": [
                    [
                        0.46341690549041237,
                        0.26101657523093724,
                        0.15718184550153494,
                        0.11838467377711534
                    ],
                    [
                        0.4520828895178385,
                        0.26177611541969625,
                        0.16456075307441895,
                        0.12158024198804623
                    ],
                    [
                        0.446658056947851,
                        0.26253347929477133,
                        0.16814223670798675,
                        0.12266622704939087
                    ],
                    [
                        0.44233677524977133,
                        0.263438763660814,
                        0.17060479060320527,
                        0.12361967048620943
                    ]
                ],
                "motion_vectors_variance": [
                    0.9105424155014481,
                    0.9113082283758763,
                    0.9120180782849246,
                    0.9122827594826219
                ],
                "motion_vectors_priors": [
                    0.4546783625730994,
                    0.3611111111111111,
                    0.13742690058479531,
                    0.04678362573099415
                ],
                "init_position_prior": 0.07142857142857142
            },
            {
                "centroid": [
                    360.0,
                    336.0
                ],
                "x_limits": [
                    288,
                    432
                ],
                "y_limits": [
                    288,
                    384
                ],
                "motion_vectors": [
                    [
                        0.0,
                        0.0
                    ],
                    [
                        0.0,
                        0.0
                    ],
                    [
                        0.0,
                        0.0
                    ],
                    [
                        0.0,
                        0.0
                    ]
                ],
                "transition_matrix": [
                    [
                        0.4623272780107482,
                        0.2612748991153415,
                        0.15761591812986578,
                        0.11878190474404453
                    ],
                    [
                        0.4526886795643442,
                        0.26234541340377115,
                        0.16379541924611016,
                        0.12117048778577454
                    ],
                    [
                        0.4465755177161723,
                        0.2647625291474113,
                        0.16717517506943155,
                        0.12148677806698484
                    ],
                    [
                        0.4405492099400906,
                        0.26742281732420103,
                        0.17015769698010347,
                        0.12187027575560495
                    ]
                ],
                "motion_vectors_variance": [
                    1.1166136526839487,
                    1.1166252069895921,
                    1.1166348736509057,
                    1.116624348633048
                ],
                "motion_vectors_priors": [
                    0.276218611521418,
                    0.258493353028065,
                    0.2363367799113737,
                    0.22895125553914328
                ],
                "init_position_prior": 0.0
            },
            {
                "centroid": [
                    360.0,
                    432.0
                ],
                "x_limits": [
                    288,
                    432
                ],
                "y_limits": [
                    384,
                    480
                ],
                "motion_vectors": [
                    [
                        0.0,
                        0.0
                    ],
                    [
                        0.0,
                        0.0
                    ],
                    [
                        0.0,
                        0.0
                    ],
                    [
                        0.0,
                        0.0
                    ]
                ],
                "transition_matrix": [
                    [
                        0.45718197369215846,
                        0.26256423867538486,
                        0.15952959779865888,
                        0.12072418983379773
                    ],
                    [
                        0.4535623279967773,
                        0.2636019909641474,
                        0.16240876148241973,
                        0.12042691955665569
                    ],
                    [
                        0.4459571027320656,
                        0.26745943527878446,
                        0.1663416836068781,
                        0.12024177838227179
                    ],
                    [
                        0.4384470365018869,
                        0.2710559307800228,
                        0.1700477667044271,
                        0.1204492660136632
                    ]
                ],
                "motion_vectors_variance": [
                    0.601364676135991,
                    0.6014270524613717,
                    0.6014671040214614,
                    0.6014008584340792
                ],
                "motion_vectors_priors": [
                    0.4244935543278085,
                    0.3250460405156538,
                    0.19060773480662985,
                    0.05985267034990792
                ],
                "init_position_prior": 0.14285714285714285
            }
        ],
        [
            {
                "centroid": [
                    504.0,
                    48.0
                ],
                "x_limits": [
                    432,
                    576
                ],
                "y_limits": [
                    0,
                    96
                ],
                "motion_vectors": [
                    [
                        0.0,
                        0.0
                    ],
                    [
                        0.0,
                        0.0
                    ],
                    [
                        0.0,
                        0.0
                    ],
                    [
                        0.0,
                        0.0
                    ]
                ],
                "transition_matrix": [
                    [
                        0.4430365267525125,
                        0.26658082599072247,
                        0.16698084214976736,
                        0.1234018051069976
                    ],
                    [
                        0.4506647596383956,
                        0.25890604815786783,
                        0.1657970912643148,
                        0.12463210093942181
                    ],
                    [
                        0.46713744920751255,
                        0.24743925229660893,
                        0.16245649466392553,
                        0.12296680383195308
                    ],
                    [
                        0.47825813853100674,
                        0.24081983664116585,
                        0.16008180221174448,
                        0.12084022261608297
                    ]
                ],
                "motion_vectors_variance": [
                    1.4585013120279866,
                    1.458273523319341,
                    1.458415708939043,
                    1.4584743164904566
                ],
                "motion_vectors_priors": [
                    0.6994818652849741,
                    0.16580310880829016,
                    0.07512953367875648,
                    0.05958549222797927
                ],
                "init_position_prior": 0.023809523809523808
            },
            {
                "centroid": [
                    504.0,
                    144.0
                ],
                "x_limits": [
                    432,
                    576
                ],
                "y_limits": [
                    96,
                    192
                ],
                "motion_vectors": [
                    [
                        0.0,
                        0.0
                    ],
                    [
                        0.0,
                        0.0
                    ],
                    [
                        0.0,
                        0.0
                    ],
                    [
                        0.0,
                        0.0
                    ]
                ],
                "transition_matrix": [
                    [
                        0.4337068298611828,
                        0.26821383123846154,
                        0.17101128992849032,
                        0.12706804897186544
                    ],
                    [
                        0.43720983699825267,
                        0.2632008708106897,
                        0.1707255249856383,
                        0.12886376720541948
                    ],
                    [
                        0.45056811013520287,
                        0.25361661827245546,
                        0.16834661767875927,
                        0.12746865391358245
                    ],
                    [
                        0.4615409827463706,
                        0.24711663884317037,
                        0.1661630823377237,
                        0.12517929607273517
                    ]
                ],
                "motion_vectors_variance": [
                    4.490170702803154,
                    4.485475787540562,
                    4.483374534063532,
                    4.4825888732494175
                ],
                "motion_vectors_priors": [
                    0.673202614379085,
                    0.16993464052287582,
                    0.0784313725490196,
                    0.0784313725490196
                ],
                "init_position_prior": 0.0
            },
            {
                "centroid": [
                    504.0,
                    240.0
                ],
                "x_limits": [
                    432,
                    576
                ],
                "y_limits": [
                    192,
                    288
                ],
                "motion_vectors": [
                    [
                        0.0,
                        0.0
                    ],
                    [
                        0.0,
                        0.0
                    ],
                    [
                        0.0,
                        0.0
                    ],
                    [
                        0.0,
                        0.0
                    ]
                ],
                "transition_matrix": [
                    [
                        0.3960948010543351,
                        0.2750033762837838,
                        0.18574104816714834,
                        0.14316077449473277
                    ],
                    [
                        0.402393598868708,
                        0.2714323590433641,
                        0.18452843360664664,
                        0.14164560848128127
                    ],
                    [
                        0.41500431558993445,
                        0.2652815591353589,
                        0.18178084975938036,
                        0.13793327551532625
                    ],
                    [
                        0.42627481384641364,
                        0.2595603993917928,
                        0.17952563802110172,
                        0.1346391487406917
                    ]
                ],
                "motion_vectors_variance": [
                    0.7239701086674191,
