{
    "width": 720.0,
    "height": 480.0,
    "nr_nodes": 16,
    "side": 4,
    "x_interval": 180.0,
    "y_interval": 120.0,
    "nr_fields": 6,
    "grid_matrix": [
        [
            {
                "centroid": [
                    90.0,
                    60.0
                ],
                "x_limits": [
                    0,
                    180
                ],
                "y_limits": [
                    0,
                    120
                ],
                "motion_vectors": [
                    [
                        0.0,
                        0.0
                    ],
                    [
                        0.0,
                        0.0
                    ],
                    [
                        0.0,
                        0.0
                    ],
                    [
                        0.0,
                        0.0
                    ],
                    [
                        0.0,
                        0.0
                    ],
                    [
                        0.0,
                        0.0
                    ]
                ],
                "transition_matrix": [
                    [
                        0.2723023310020967,
                        0.21607176172675702,
                        0.17353824343004656,
                        0.1529884549042065,
                        0.11329341503333255,
                        0.07180579390356082
                    ],
                    [
                        0.27271871697163197,
                        0.21602116083680215,
                        0.17348991600443672,
                        0.15278142373697814,
                        0.1130501219659502,
                        0.07193866048420064
                    ],
                    [
                        0.27361355664171133,
                        0.2158860355660516,
                        0.17356252818555687,
                        0.15227474591825807,
                        0.11249437259690212,
                        0.07216876109152019
                    ],
                    [
                        0.274239273864831,
                        0.21581201141578377,
                        0.17394042480800795,
                        0.15191112283530753,
                        0.11199567228111287,
                        0.07210149479495713
                    ],
                    [
                        0.27663359875762494,
                        0.21534303112973419,
                        0.17518727646840282,
                        0.14984645870712204,
                        0.11059259907293807,
                        0.07239703586417782
                    ],
                    [
                        0.2822431286346828,
                        0.21442782700149843,
                        0.17704381478498596,
                        0.14560114287050535,
                        0.10709789008995262,
                        0.07358619661837487
                    ]
                ],
                "motion_vectors_variance": [
                    1.5282576885577406,
                    1.5283073740715056,
                    1.5283040380192647,
                    1.528344168427183,
                    1.5283432340346885,
                    1.5282334318945876
                ],
                "motion_vectors_priors": [
                    0.3177441540577717,
                    0.218707015130674,
                    0.1856946354883081,
                    0.1361760660247593,
                    0.07840440165061899,
                    0.06327372764786796
                ],
                "init_position_prior": 0.07142857142857142
            },
            {
                "centroid": [
                    90.0,
                    180.0
                ],
                "x_limits": [
                    0,
                    180
                ],
                "y_limits": [
                    120,
                    240
                ],
                "motion_vectors": [
                    [
                        0.0,
                        0.0
                    ],
                    [
                        0.0,
                        0.0
                    ],
                    [
                        0.0,
                        0.0
                    ],
                    [
                        0.0,
                        0.0
                    ],
                    [
                        0.0,
                        0.0
                    ],
                    [
                        0.0,
                        0.0
                    ]
                ],
                "transition_matrix": [
                    [
                        0.2710734550525413,
                        0.2163265066797581,
                        0.17388283172688032,
                        0.1537157931215974,
                        0.11382062527167364,
                        0.07118078814754926
                    ],
                    [
                        0.27176525557741277,
                        0.21622013775440382,
                        0.1737548183779934,
                        0.15335021558363243,
                        0.11345738850079556,
                        0.07145218420576206
                    ],
                    [
                        0.27297594742080317,
                        0.21602149581314686,
                        0.17374558462176984,
                        0.15266074569367694,
                        0.11276009149501767,
                        0.07183613495558554
                    ],
                    [
                        0.273757059300316,
                        0.2159166312920642,
                        0.1740957685331402,
                        0.15220583221760278,
                        0.11218771776466288,
                        0.07183699089221382
                    ],
                    [
                        0.2765118088096124,
                        0.215371607207968,
                        0.17526697939842634,
                        0.14990599521224113,
                        0.11063394222900688,
                        0.07230966714274496
                    ],
                    [
                        0.2824516420645509,
                        0.21439592491446452,
                        0.17704580759986047,
                        0.14545130701492806,
                        0.10699680788225804,
                        0.0736585105239379
                    ]
                ],
                "motion_vectors_variance": [
                    1.8118129148815778,
                    1.8117925596921007,
                    1.8118116196670973,
                    1.8117733808267855,
                    1.8117655489332087,
                    1.8117973905262998
                ],
                "motion_vectors_priors": [
                    0.2613941018766756,
                    0.1970509383378016,
                    0.14209115281501342,
                    0.1380697050938338,
                    0.13270777479892762,
                    0.128686327077748
                ],
                "init_position_prior": 0.07142857142857142
            },
            {
                "centroid": [
                    90.0,
                    300.0
                ],
                "x_limits": [
                    0,
                    180
                ],
                "y_limits": [
                    240,
                    360
                ],
                "motion_vectors": [
                    [
                        0.0,
                        0.0
                    ],
                    [
                        0.0,
                        0.0
                    ],
                    [
                        0.0,
                        0.0
                    ],
                    [
                        0.0,
                        0.0
                    ],
                    [
                        0.0,
                        0.0
                    ],
                    [
                        0.0,
                        0.0
                    ]
                ],
                "transition_matrix": [
                    [
                        0.26972984893728436,
                        0.21658737860208097,
                        0.17408677279689447,
                        0.1545343378470476,
                        0.11445933207887672,
                        0.070602329737816
                    ],
                    [
                        0.2707969108606019,
                        0.21641563466979433,
                        0.17391619450510407,
                        0.15395065535624072,
                        0.11390360617672257,
                        0.07101699843153633
                    ],
                    [
                        0.27241990847835523,
                        0.21614126660065605,
                        0.17386580073091934,
                        0.15301822407951718,
                        0.11299423713547656,
                        0.07156056297507567
                    ],
                    [
                        0.27340551449745554,
                        0.21599982529406508,
                        0.1742284313500219,
                        0.15244021356907617,
                        0.11230678451022828,
                        0.07161923077915303
                    ],
                    [
                        0.27661762235060783,
                        0.21535757377004783,
                        0.17537565113075984,
                        0.14980787026980774,
                        0.110553820893206,
                        0.07228746158557064
                    ],
                    [
                        0.2829187364535915,
                        0.21432054657865154,
                        0.17707322921346025,
                        0.1451173796880804,
                        0.10675846662473035,
                        0.07381164144148611
                    ]
                ],
                "motion_vectors_variance": [
                    2.4001708238434643,
                    2.3999706716319906,
                    2.3998208291492205,
                    2.399891370637288,
                    2.3999258216382944,
                    2.40048885547984
                ],
                "motion_vectors_priors": [
                    0.3253968253968254,
                    0.2222222222222222,
                    0.20634920634920634,
                    0.12698412698412698,
                    0.07142857142857142,
                    0.047619047619047616
                ],
                "init_position_prior": 0.023809523809523808
            },
            {
                "centroid": [
                    90.0,
                    420.0
                ],
                "x_limits": [
                    0,
                    180
                ],
                "y_limits": [
                    360,
                    480
                ],
                "motion_vectors": [
                    [
                        0.0,
                        0.0
                    ],
                    [
                        0.0,
                        0.0
                    ],
                    [
                        0.0,
                        0.0
                    ],
                    [
                        0.0,
                        0.0
                    ],
                    [
                        0.0,
                        0.0
                    ],
                    [
                        0.0,
                        0.0
                    ]
                ],
                "transition_matrix": [
                    [
                        0.26861957496365424,
                        0.21682698200476747,
                        0.17453333953583847,
                        0.15517540843765198,
                        0.11488708709058773,
                        0.06995760796750014
                    ],
                    [
                        0.2700346719191095,
                        0.21658066761157943,
                        0.1742139112802231,
                        0.1543970212198803,
                        0.11419775767369977,
                        0.07057597029550802
                    ],
                    [
                        0.27199312919946267,
                        0.21623696727948918,
                        0.17404440452793432,
                        0.15327527744847277,
                        0.11314904862104079,
                        0.07130117292360023
                    ],
                    [
                        0.27314193874076415,
                        0.21606174058811245,
                        0.1743583872779584,
                        0.15260400336019825,
                        0.11239061044321756,
                        0.07144331958974902
                    ],
                    [
                        0.2767212914128971,
                        0.21533978508143856,
                        0.17539147754828918,
                        0.14973599406779903,
                        0.11049795533918144,
                        0.07231349655039487
                    ],
                    [
                        0.2833095063150488,
                        0.21425164009332825,
                        0.17698605193507638,
                        0.1448649002030462,
                        0.10659628657677796,
                        0.07399161487672246
                    ]
                ],
                "motion_vectors_variance": [
                    0.7817563418562978,
                    0.7817980848651261,
                    0.7817814325083892,
                    0.7818331592939625,
                    0.7818369886071194,
                    0.7817553494291486
                ],
                "motion_vectors_priors": [
                    0.2724867724867725,
                    0.2275132275132275,
                    0.18253968253968253,
                    0.1455026455026455,
                    0.1164021164021164,
                    0.05555555555555555
                ],
                "init_position_prior": 0.07142857142857142
            }
        ],
        [
            {
                "centroid": [
                    270.0,
                    60.0
                ],
                "x_limits": [
                    180,
                    360
                ],
                "y_limits": [
                    0,
                    120
                ],
                "motion_vectors": [
                    [
                        0.0,
                        0.0
                    ],
                    [
                        0.0,
                        0.0
                    ],
                    [
                        0.0,
                        0.0
                    ],
                    [
                        0.0,
                        0.0
                    ],
                    [
                        0.0,
                        0.0
                    ],
                    [
                        0.0,
                        0.0
                    ]
                ],
                "transition_matrix": [
                    [
                        0.27456036533506206,
                        0.21579807999710596,
                        0.17488876093891378,
                        0.15140860862158137,
                        0.1116012589272388,
                        0.07174292618009796
                    ],
                    [
                        0.27369040496695135,
                        0.21592490411783913,
                        0.17498859651541554,
                        0.1518858565318858,
                        0.11207266806964024,
                        0.0714375697982679
                    ],
                    [
                        0.27293977523351176,
                        0.21601465571225803,
                        0.17466796991913966,
                        0.15234869691366695,
                        0.11264034132630515,
                        0.07138856089511843
                    ],
                    [
                        0.2726619437605596,
                        0.2159976386663289,
                        0.17390700280470112,
                        0.15255451683294957,
                        0.11308358354440687,
                        0.07179531439105392
                    ],
                    [
                        0.27352610875344724,
                        0.21573524428261084,
                        0.17070578109384912,
                        0.15290064558344624,
                        0.11340011908557386,
                        0.07373210120107287
                    ],
                    [
                        0.279743374251537,
                        0.21400846765121742,
                        0.16313975980228224,
                        0.14988365764920797,
                        0.11288191566555746,
                        0.08034282498019804
                    ]
                ],
                "motion_vectors_variance": [
                    0.7447353750327866,
                    0.7448091130645241,
                    0.7448440844265947,
                    0.7448509607425036,
                    0.7448410054347411,
                    0.7446501731565617
                ],
                "motion_vectors_priors": [
                    0.3293768545994065,
                    0.15281899109792285,
                    0.14688427299703263,
                    0.14540059347181009,
                    0.12166172106824925,
                    0.10385756676557864
                ],
                "init_position_prior": 0.09523809523809523
            },
            {
                "centroid": [
                    270.0,
                    180.0
                ],
                "x_limits": [
                    180,
                    360
                ],
                "y_limits": [
                    120,
                    240
                ],
                "motion_vectors": [
                    [
                        0.0,
                        0.0
                    ],
                    [
                        0.0,
                        0.0
                    ],
                    [
                        0.0,
                        0.0
                    ],
                    [
                        0.0,
                        0.0
                    ],
                    [
                        0.0,
                        0.0
                    ],
                    [
                        0.0,
                        0.0
                    ]
                ],
                "transition_matrix": [
                    [
                        0.2725781207703915,
                        0.2162064695982292,
                        0.17534319449964178,
                        0.1525969050258574,
                        0.11248607373968089,
                        0.07078923636619927
                    ],
                    [
                        0.27208519182041385,
                        0.21625298529105513,
                        0.17533811839681515,
                        0.15285798732498318,
                        0.11279357506973689,
                        0.07067214209699588
                    ],
                    [
                        0.27191473001327027,
                        0.21622448122561747,
                        0.17485230272641702,
                        0.1529887314790691,
                        0.11310853276792338,
                        0.07091122178770282
                    ],
                    [
                        0.2719449380961797,
                        0.21614414195882678,
                        0.1740017841791933,
                        0.15301685953359218,
                        0.11341729417351017,
                        0.07147498205869803
                    ],
                    [
                        0.27360866873134765,
                        0.21571336928293022,
                        0.17054586287371634,
                        0.15286497394528487,
                        0.11341342925367211,
                        0.0738536959130488
                    ],
                    [
                        0.2805367808198157,
                        0.21384676498608296,
                        0.16273243397871043,
                        0.14938492814777882,
                        0.11261457895690308,
                        0.08088451311070895
                    ]
                ],
                "motion_vectors_variance": [
                    0.694143644382213,
                    0.6941089994752228,
                    0.6941201132549035,
                    0.6940828038995307,
                    0.6940779576378197,
                    0.6941468208658075
                ],
                "motion_vectors_priors": [
                    0.2757009345794392,
                    0.19158878504672897,
                    0.14953271028037382,
                    0.14953271028037382,
                    0.12383177570093458,
                    0.10981308411214953
                ],
                "init_position_prior": 0.0
            },
            {
                "centroid": [
                    270.0,
                    300.0
                ],
                "x_limits": [
                    180,
                    360
                ],
                "y_limits": [
                    240,
                    360
                ],
                "motion_vectors": [
                    [
                        0.0,
                        0.0
                    ],
                    [
                        0.0,
                        0.0
                    ],
                    [
                        0.0,
                        0.0
                    ],
                    [
                        0.0,
                        0.0
                    ],
                    [
                        0.0,
                        0.0
                    ],
                    [
                        0.0,
                        0.0
                    ]
                ],
                "transition_matrix": [
                    [
                        0.2687061425081571,
                        0.21700968345745,
                        0.1762354079430449,
                        0.15492499781838298,
                        0.11420680330058944,
                        0.06891696497237576
                    ],
                    [
                        0.26939288387694493,
                        0.2168015236031669,
                        0.17590614444695207,
                        0.154495309857712,
                        0.11400786906729253,
                        0.06939626914793126
                    ],
                    [
                        0.2704561290384233,
                        0.2165173844986443,
                        0.1750443793307481,
                        0.1539184255257121,
                        0.11379894620629503,
                        0.07026473540017728
                    ],
                    [
                        0.2710805341212851,
                        0.21631219854377312,
                        0.17398940254985232,
                        0.15360331560581292,
                        0.11386074674374212,
                        0.07115380243553439
                    ],
                    [
                        0.2741259444464002,
                        0.21559119030837334,
                        0.1700400300335435,
                        0.15260589481089787,
                        0.11331314172308599,
                        0.07432379867769906
                    ],
                    [
                        0.2820977175005237,
                        0.21352222174769783,
                        0.1618867288527845,
                        0.14842279745988368,
                        0.11210117230482256,
                        0.0819693621342878
                    ]
                ],
                "motion_vectors_variance": [
                    2.1242078024583573,
                    2.1241653437443744,
                    2.1243900185144877,
                    2.1240836671996077,
                    2.1239998054677884,
                    2.1239270772621897
                ],
                "motion_vectors_priors": [
                    0.29285714285714287,
                    0.275,
                    0.14285714285714285,
                    0.11607142857142858,
                    0.09107142857142857,
                    0.08214285714285714
                ],
                "init_position_prior": 0.0
            },
            {
                "centroid": [
                    270.0,
                    420.0
                ],
                "x_limits": [
                    180,
                    360
                ],
                "y_limits": [
                    360,
                    480
                ],
                "motion_vectors": [
                    [
                        0.0,
                        0.0
                    ],
                    [
                        0.0,
                        0.0
                    ],
                    [
                        0.0,
                        0.0
                    ],
                    [
                        0.0,
                        0.0
                    ],
                    [
                        0.0,
                        0.0
                    ],
                    [
                        0.0,
                        0.0
                    ]
                ],
                "transition_matrix": [
                    [
                        0.2671672260683564,
                        0.2173292852682486,
                        0.17660456101112304,
                        0.15584558083123815,
                        0.11488695980492943,
                        0.06816638701610425
                    ],
                    [
                        0.2682626784064531,
                        0.217032640438221,
                        0.176155876742921,
                        0.15517929932444843,
                        0.11451437336174107,
                        0.06885513172621556
                    ],
                    [
                        0.269796021487452,
                        0.2166516906332295,
                        0.17514860088094966,
                        0.15433452826364114,
                        0.11410554999850249,
                        0.06996360873622529
                    ],
                    [
                        0.2706588088511758,
                        0.21639666024170665,
                        0.17401377362223908,
                        0.15388194128223104,
                        0.1140671444987333,
                        0.07098167150391417
                    ],
                    [
                        0.2742722044572628,
                        0.21555596382237271,
                        0.16986459001856016,
                        0.15253339743342392,
                        0.11329723757363899,
                        0.0744766066947414
                    ],
                    [
                        0.2826964138998178,
                        0.2133990871235603,
                        0.1615572183531211,
                        0.14804993792058563,
                        0.11190762211589898,
                        0.08238972058701607
                    ]
                ],
                "motion_vectors_variance": [
                    0.6135666077951677,
                    0.6135438302663481,
                    0.6135483068091253,
                    0.6135279964813766,
                    0.6135257646217792,
                    0.6135730319619912
                ],
                "motion_vectors_priors": [
                    0.3075233388248215,
                    0.19439868204283361,
                    0.15815485996705106,
                    0.15376166941241076,
                    0.10598572213069742,
                    0.08017572762218561
                ],
                "init_position_prior": 0.11904761904761904
            }
        ],
        [
            {
                "centroid": [
                    450.0,
                    60.0
                ],
                "x_limits": [
                    360,
                    540
                ],
                "y_limits": [
                    0,
                    120
                ],
                "motion_vectors": [
                    [
                        0.0,
                        0.0
                    ],
                    [
                        0.0,
                        0.0
                    ],
                    [
                        0.0,
                        0.0
                    ],
                    [
                        0.0,
                        0.0
                    ],
                    [
                        0.0,
                        0.0
                    ],
                    [
                        0.0,
                        0.0
                    ]
                ],
                "transition_matrix": [
                    [
                        0.2631903189141707,
                        0.21804146022655604,
                        0.17679610023000988,
                        0.1582758680876449,
                        0.11695252789591025,
                        0.06674372464570824
                    ],
                    [
                        0.26265864135064265,
                        0.21817451919810832,
                        0.1770731650494138,
                        0.15858085135983718,
                        0.1171295997909225,
                        0.06638322325107546
                    ],
                    [
                        0.2622238808056122,
                        0.2182776246308327,
                        0.1773374187542718,
                        0.15882004029394356,
                        0.11726518435419434,
                        0.06607585116114559
                    ],
                    [
                        0.26201471214801414,
                        0.21832959805033922,
                        0.17750844193640472,
                        0.15893251242837977,
                        0.11731680416139863,
                        0.06589793127546349
                    ],
                    [
                        0.261552161577733,
                        0.21842739493057511,
                        0.17785227292027125,
                        0.15914590486001384,
                        0.1174617129901574,
                        0.06556055272124933
                    ],
                    [
                        0.26111296042760085,
                        0.2185122561182637,
                        0.17808349182686373,
                        0.15939960288256977,
                        0.1175907316730195,
                        0.06530095707168256
                    ]
                ],
                "motion_vectors_variance": [
                    0.8176426441216793,
                    0.8176677363352938,
                    0.817676476169839,
                    0.8176808424377024,
                    0.8176786033486144,
                    0.8176132239845157
                ],
                "motion_vectors_priors": [
                    0.28957528957528955,
                    0.24034749034749034,
                    0.21814671814671815,
                    0.2055984555984556,
                    0.02895752895752896,
                    0.017374517374517374
                ],
                "init_position_prior": 0.14285714285714285
            },
            {
                "centroid": [
                    450.0,
                    180.0
                ],
                "x_limits": [
                    360,
                    540
                ],
                "y_limits": [
                    120,
                    240
                ],
                "motion_vectors": [
                    [
                        0.0,
                        0.0
                    ],
                    [
                        0.0,
                        0.0
                    ],
                    [
                        0.0,
                        0.0
                    ],
                    [
                        0.0,
                        0.0
                    ],
                    [
                        0.0,
                        0.0
                    ],
                    [
                        0.0,
                        0.0
                    ]
                ],
                "transition_matrix": [
                    [
                        0.2612677491525329,
                        0.2184865737319907,
                        0.1778205500152377,
                        0.15933501851781137,
                        0.11762139383094927,
                        0.06546871475147795
                    ],
                    [
                        0.2612000599844165,
                        0.21849331361661983,
                        0.17783817934151558,
                        0.1593879980700779,
                        0.11764681609776753,
                        0.06543363288960274
                    ],
                    [
                        0.2611343571766751,
                        0.2185182719375043,
                        0.177846659047518,
                        0.15943245920819726,
                        0.11766587977234198,
                        0.06540237285776326
                    ],
                    [
                        0.26110517633553787,
                        0.21852463378333337,
                        0.17785569205544577,
                        0.15945478092255133,
                        0.11767329515868535,
                        0.06538642174444631
                    ],
                    [
                        0.26107700325379224,
                        0.21852698353844402,
                        0.1778708351628223,
                        0.15947576740727307,
                        0.1176802101810608,
                        0.06536920045660764
                    ],
                    [
                        0.2611411156232367,
                        0.21851244445493287,
                        0.17787430029679466,
                        0.15942166259274296,
                        0.11765613882433308,
                        0.06539433820795965
                    ]
                ],
                "motion_vectors_variance": [
                    3.147324010229804,
                    3.1473156531979405,
                    3.1473126013853694,
                    3.1473115212305736,
                    3.1473119748960343,
                    3.1473342894798013
                ],
                "motion_vectors_priors": [
                    0.39274924471299094,
                    0.24773413897280966,
                    0.1691842900302115,
                    0.09063444108761329,
                    0.054380664652567974,
                    0.045317220543806644
                ],
                "init_position_prior": 0.0
            },
            {
                "centroid": [
                    450.0,
                    300.0
                ],
                "x_limits": [
                    360,
                    540
                ],
                "y_limits": [
                    240,
                    360
                ],
                "motion_vectors": [
                    [
                        0.0,
                        0.0
                    ],
                    [
                        0.0,
                        0.0
                    ],
                    [
                        0.0,
                        0.0
                    ],
                    [
                        0.0,
                        0.0
                    ],
                    [
                        0.0,
                        0.0
                    ],
                    [
                        0.0,
                        0.0
                    ]
                ],
                "transition_matrix": [
                    [
                        0.2612523478173079,
                        0.2184901449555931,
                        0.1778289606246281,
                        0.1593435277274557,
                        0.11762661161242649,
                        0.06545840726258875
                    ],
                    [
                        0.26118555665946475,
                        0.2184965151931925,
                        0.17784601072067058,
                        0.1593959857094773,
                        0.11765183024313956,
                        0.06542410147405556
                    ],
                    [
                        0.26112023493878744,
                        0.21852133697087062,
                        0.177853560784652,
                        0.15944030742449924,
                        0.11767102140874157,
                        0.0653935384724494
                    ],
                    [
                        0.261091666866867,
                        0.21852744602404645,
                        0.17786096207689045,
                        0.15946238993923756,
                        0.11767867226856261,
                        0.06537886282439594
                    ],
                    [
                        0.26106719747913515,
                        0.21852898232628004,
                        0.17786978379335372,
                        0.159482714566408,
                        0.11768530159213159,
                        0.06536602024269154
                    ],
                    [
                        0.26114706287702893,
                        0.21851165257246286,
                        0.1778543606633382,
                        0.15942142606169915,
                        0.11766071510116881,
                        0.06540478272430211
                    ]
                ],
                "motion_vectors_variance": [
                    0.8851796830161481,
                    0.8852111364577401,
                    0.885219408735503,
                    0.8852273704767011,
                    0.8852255950645865,
                    0.8851432550216071
                ],
                "motion_vectors_priors": [
                    0.2601063829787234,
                    0.21861702127659574,
                    0.17819148936170212,
                    0.1601063829787234,
                    0.11808510638297873,
                    0.06489361702127659
                ],
                "init_position_prior": 0.16666666666666666
            },
            {
                "centroid": [
                    450.0,
                    420.0
                ],
                "x_limits": [
                    360,
                    540
                ],
                "y_limits": [
                    360,
                    480
                ],
                "motion_vectors": [
                    [
