{
    "width": 720.0,
    "height": 480.0,
    "nr_nodes": 25,
    "side": 5,
    "x_interval": 144.0,
    "y_interval": 96.0,
    "nr_fields": 6,
    "grid_matrix": [
        [
            {
                "centroid": [
                    72.0,
                    48.0
                ],
                "x_limits": [
                    0,
                    144
                ],
                "y_limits": [
                    0,
                    96
                ],
                "motion_vectors": [
                    [
                        0.0,
                        0.0
                    ],
                    [
                        0.0,
                        0.0
                    ],
                    [
                        0.0,
                        0.0
                    ],
                    [
                        0.0,
                        0.0
                    ],
                    [
                        0.0,
                        0.0
                    ],
                    [
                        0.0,
                        0.0
                    ]
                ],
                "transition_matrix": [
                    [
                        0.35320773397303773,
                        0.21163064754637476,
                        0.15247768173638176,
                        0.11876113584234486,
                        0.1014387165137703,
                        0.06248408438809048
                    ],
                    [
                        0.35358581336751477,
                        0.21187371608662792,
                        0.15213173045638062,
                        0.1184506373336782,
                        0.10131313173415409,
                        0.06264497102164435
                    ],
                    [
                        0.3478334293979385,
                        0.21159244805812483,
                        0.1539199113396699,
                        0.12169068033719002,
                        0.10241465250547326,
                        0.06254887836160347
                    ],
                    [
                        0.3385425879379862,
                        0.2108330404866662,
                        0.1569787113329666,
                        0.1270399925057807,
                        0.1044441738345332,
                        0.06216149390206728
                    ],
                    [
                        0.33181014642639217,
                        0.20983503730897726,
                        0.1592219117848415,
                        0.13092157993716944,
                        0.10620385132008638,
                        0.062007473222533284
                    ],
                    [
                        0.31115035651059947,
                        0.20765205329654116,
                        0.166190091706389,
                        0.14250222708674978,
                        0.11123021916648759,
                        0.06127505223323311
                    ]
                ],
                "motion_vectors_variance": [
                    1.5172441939602184,
                    1.5171917500177488,
                    1.5171430140412605,
                    1.5170926408168204,
                    1.5171318879283195,
                    1.5171928116422073
                ],
                "motion_vectors_priors": [
                    0.3375224416517056,
                    0.2244165170556553,
                    0.1867145421903052,
                    0.09515260323159784,
                    0.0807899461400359,
                    0.07540394973070018
                ],
                "init_position_prior": 0.047619047619047616
            },
            {
                "centroid": [
                    72.0,
                    144.0
                ],
                "x_limits": [
                    0,
                    144
                ],
                "y_limits": [
                    96,
                    192
                ],
                "motion_vectors": [
                    [
                        0.0,
                        0.0
                    ],
                    [
                        0.0,
                        0.0
                    ],
                    [
                        0.0,
                        0.0
                    ],
                    [
                        0.0,
                        0.0
                    ],
                    [
                        0.0,
                        0.0
                    ],
                    [
                        0.0,
                        0.0
                    ]
                ],
                "transition_matrix": [
                    [
                        0.35166986429964203,
                        0.21154888070345948,
                        0.15301058297500839,
                        0.11956834869696677,
                        0.10173862385298164,
                        0.06246369947194171
                    ],
                    [
                        0.3534296357466577,
                        0.21182114814075953,
                        0.15221599328623361,
                        0.11853804502794672,
                        0.10136327848523123,
                        0.06263189931317123
                    ],
                    [
                        0.34831421585853584,
                        0.21161632559522203,
                        0.1537714170780462,
                        0.12143739871997176,
                        0.10231957817390343,
                        0.06254106457432075
                    ],
                    [
                        0.33908852448850596,
                        0.2108688471816229,
                        0.15679998051013963,
                        0.12675609751877823,
                        0.10433353969262041,
                        0.06215301060833291
                    ],
                    [
                        0.3323462751889689,
                        0.2098810808417043,
                        0.1590462100453918,
                        0.13064902610821422,
                        0.10609054971055137,
                        0.06198685810516929
                    ],
                    [
                        0.31144496392993337,
                        0.20768281077964304,
                        0.16609447398624816,
                        0.14236818187847275,
                        0.11116842119871086,
                        0.061241148226991816
                    ]
                ],
                "motion_vectors_variance": [
                    1.9910239513886168,
                    1.991080429569343,
                    1.9911423345369452,
                    1.9912138352320292,
                    1.9911416210843662,
                    1.991086381547929
                ],
                "motion_vectors_priors": [
                    0.20535714285714285,
                    0.19285714285714287,
                    0.17142857142857143,
                    0.17142857142857143,
                    0.14464285714285716,
                    0.11428571428571428
                ],
                "init_position_prior": 0.09523809523809523
            },
            {
                "centroid": [
                    72.0,
                    240.0
                ],
                "x_limits": [
                    0,
                    144
                ],
                "y_limits": [
                    192,
                    288
                ],
                "motion_vectors": [
                    [
                        0.0,
                        0.0
                    ],
                    [
                        0.0,
                        0.0
                    ],
                    [
                        0.0,
                        0.0
                    ],
                    [
                        0.0,
                        0.0
                    ],
                    [
                        0.0,
                        0.0
                    ],
                    [
                        0.0,
                        0.0
                    ]
                ],
                "transition_matrix": [
                    [
                        0.35111204081144703,
                        0.2115368802257943,
                        0.1532144546076069,
                        0.11982987661025711,
                        0.10183703002274926,
                        0.062469717722145365
                    ],
                    [
                        0.3533604888251136,
                        0.21184622464759376,
                        0.15223961385911458,
                        0.11853988306859876,
                        0.10135991030929335,
                        0.06265387929028594
                    ],
                    [
                        0.34812245149934234,
                        0.21165165109667658,
                        0.15382164688554786,
                        0.12153304696590612,
                        0.10233638868653525,
                        0.06253481486599191
                    ],
                    [
                        0.3385104869230527,
                        0.21086764865901653,
                        0.1569795100604199,
                        0.1270864659214702,
                        0.10444931810554162,
                        0.06210657033049916
                    ],
                    [
                        0.33166105857682193,
                        0.20984944827765464,
                        0.15926661234304484,
                        0.1310513956901814,
                        0.10624890015466038,
                        0.06192258495763691
                    ],
                    [
                        0.3107983965327444,
                        0.20764201760180193,
                        0.16631220930411564,
                        0.14276929778259864,
                        0.1113282047537402,
                        0.06114987402499929
                    ]
                ],
                "motion_vectors_variance": [
                    1.7580367933521963,
                    1.7579782131697819,
                    1.7579385949611075,
                    1.7579335187370815,
                    1.757935706027151,
                    1.7580031239742218
                ],
                "motion_vectors_priors": [
                    0.3769968051118211,
                    0.19169329073482427,
                    0.1501597444089457,
                    0.13738019169329074,
                    0.11501597444089456,
                    0.02875399361022364
                ],
                "init_position_prior": 0.023809523809523808
            },
            {
                "centroid": [
                    72.0,
                    336.0
                ],
                "x_limits": [
                    0,
                    144
                ],
                "y_limits": [
                    288,
                    384
                ],
                "motion_vectors": [
                    [
                        0.0,
                        0.0
                    ],
                    [
                        0.0,
                        0.0
                    ],
                    [
                        0.0,
                        0.0
                    ],
                    [
                        0.0,
                        0.0
                    ],
                    [
                        0.0,
                        0.0
                    ],
                    [
                        0.0,
                        0.0
                    ]
                ],
                "transition_matrix": [
                    [
                        0.34973797117258115,
                        0.21148784847018645,
                        0.15369210271524758,
                        0.1205037352795674,
                        0.10208927130305609,
                        0.06248907105936146
                    ],
                    [
                        0.3529779596292727,
                        0.2119145366863964,
                        0.15233668226824737,
                        0.11867156624329005,
                        0.10138514762813114,
                        0.0627141075446624
                    ],
                    [
                        0.3471706941926654,
                        0.21169084916634115,
                        0.154096941979587,
                        0.12202153110682575,
                        0.1024823251613954,
                        0.06253765839318533
                    ],
                    [
                        0.33683092325088476,
                        0.21082985152034966,
                        0.15750735946615146,
                        0.12800794312558428,
                        0.10478562950484156,
                        0.06203829313218812
                    ],
                    [
                        0.32981746053117356,
                        0.20974556078346548,
                        0.15985981859867504,
                        0.13207974778896484,
                        0.1066622585851548,
                        0.06183515371256631
                    ],
                    [
                        0.3093028550586731,
                        0.20753368929336294,
                        0.1668100322186507,
                        0.1436332218682084,
                        0.1116854985898175,
                        0.06103470297128731
                    ]
                ],
                "motion_vectors_variance": [
                    0.4486180329370238,
                    0.44862228074668614,
                    0.44862471752225014,
                    0.44862727726330237,
                    0.4486242101383887,
                    0.44862265439302096
                ],
                "motion_vectors_priors": [
                    0.22916666666666666,
                    0.20833333333333334,
                    0.20833333333333334,
                    0.20833333333333334,
                    0.125,
                    0.020833333333333332
                ],
                "init_position_prior": 0.023809523809523808
            },
            {
                "centroid": [
                    72.0,
                    432.0
                ],
                "x_limits": [
                    0,
                    144
                ],
                "y_limits": [
                    384,
                    480
                ],
                "motion_vectors": [
                    [
                        0.0,
                        0.0
                    ],
                    [
                        0.0,
                        0.0
                    ],
                    [
                        0.0,
                        0.0
                    ],
                    [
                        0.0,
                        0.0
                    ],
                    [
                        0.0,
                        0.0
                    ],
                    [
                        0.0,
                        0.0
                    ]
                ],
                "transition_matrix": [
                    [
                        0.34974089956972615,
                        0.2115368231611411,
                        0.15370523770745573,
                        0.12041009211560369,
                        0.10205813267646277,
                        0.06254881476961069
                    ],
                    [
                        0.3528250227594186,
                        0.21204569937584866,
                        0.15232765680371826,
                        0.11866840150723945,
                        0.10134259950613654,
                        0.06279062004763844
                    ],
                    [
                        0.3459290160901512,
                        0.21171155878779388,
                        0.15446309157943922,
                        0.12266418667904397,
                        0.10268810374750476,
                        0.06254404311606707
                    ],
                    [
                        0.33495102931657506,
                        0.21076953995808648,
                        0.15810448756885517,
                        0.12903047629142153,
                        0.10516346429186174,
                        0.06198100257320002
                    ],
                    [
                        0.32785199444922297,
                        0.20962222003011896,
                        0.16049551792172997,
                        0.13315973295193034,
                        0.10709838267295867,
                        0.06177215197403893
                    ],
                    [
                        0.30788674124844667,
                        0.2074247029494974,
                        0.1672802397055076,
                        0.1444289742133534,
                        0.112017871947587,
                        0.0609614699356079
                    ]
                ],
                "motion_vectors_variance": [
                    0.8314884242099134,
                    0.8313800372435668,
                    0.8312715326876108,
                    0.8311593707022671,
                    0.8312632764428002,
                    0.8313884087464273
                ],
                "motion_vectors_priors": [
                    0.2787878787878788,
                    0.21818181818181817,
                    0.16666666666666666,
                    0.16363636363636364,
                    0.11212121212121212,
                    0.06060606060606061
                ],
                "init_position_prior": 0.047619047619047616
            }
        ],
        [
            {
                "centroid": [
                    216.0,
                    48.0
                ],
                "x_limits": [
                    144,
                    288
                ],
                "y_limits": [
                    0,
                    96
                ],
                "motion_vectors": [
                    [
                        0.0,
                        0.0
                    ],
                    [
                        0.0,
                        0.0
                    ],
                    [
                        0.0,
                        0.0
                    ],
                    [
                        0.0,
                        0.0
                    ],
                    [
                        0.0,
                        0.0
                    ],
                    [
                        0.0,
                        0.0
                    ]
                ],
                "transition_matrix": [
                    [
                        0.3375777486062708,
                        0.21081012879254177,
                        0.1573913455166684,
                        0.12718034679571588,
                        0.10472509680815467,
                        0.06231533348064854
                    ],
                    [
                        0.3433056092768627,
                        0.2107699315136026,
                        0.15587039631808042,
                        0.12389855234434638,
                        0.10379732782705142,
                        0.06235818272005653
                    ],
                    [
                        0.35686610088258863,
                        0.21204570824283145,
                        0.15122447995613017,
                        0.11634805346148071,
                        0.10087008620159855,
                        0.06264557125537062
                    ],
                    [
                        0.36629363542162957,
                        0.2127915024883878,
                        0.14788473795498072,
                        0.11127270251188041,
                        0.0988037137159531,
                        0.06295370790716841
                    ],
                    [
                        0.3719803674378332,
                        0.2135587828084348,
                        0.1459462244783163,
                        0.10843793178787618,
                        0.09738143643964832,
                        0.06269525704789114
                    ],
                    [
                        0.3793224912097323,
                        0.21415318523360316,
                        0.14344096769726575,
                        0.10490240091612124,
                        0.09581581033138713,
                        0.06236514461189033
                    ]
                ],
                "motion_vectors_variance": [
                    0.3877782623021711,
                    0.38771656810281113,
                    0.38767717454262746,
                    0.3876047096737791,
                    0.3876629781588119,
                    0.38770767516000865
                ],
                "motion_vectors_priors": [
                    0.31683168316831684,
                    0.20396039603960395,
                    0.15643564356435644,
                    0.11683168316831684,
                    0.10693069306930693,
                    0.09900990099009901
                ],
                "init_position_prior": 0.09523809523809523
            },
            {
                "centroid": [
                    216.0,
                    144.0
                ],
                "x_limits": [
                    144,
                    288
                ],
                "y_limits": [
                    96,
                    192
                ],
                "motion_vectors": [
                    [
                        0.0,
                        0.0
                    ],
                    [
                        0.0,
                        0.0
                    ],
                    [
                        0.0,
                        0.0
                    ],
                    [
                        0.0,
                        0.0
                    ],
                    [
                        0.0,
                        0.0
                    ],
                    [
                        0.0,
                        0.0
                    ]
                ],
                "transition_matrix": [
                    [
                        0.3374365477496521,
                        0.21094428615547883,
                        0.1575426416687122,
                        0.12700613734102414,
                        0.10471676197060148,
                        0.06235362511453108
                    ],
                    [
                        0.34469123680651176,
                        0.21090083301927334,
                        0.15547414648774316,
                        0.1229958051582384,
                        0.10353245705741958,
                        0.06240552147081377
                    ],
                    [
                        0.35824882389461493,
                        0.21217991238053974,
                        0.15078531013045718,
                        0.11553741640166927,
                        0.10058309835697501,
                        0.06266543883574395
                    ],
                    [
                        0.36709112514083303,
                        0.21286204358844987,
                        0.14763075276788068,
                        0.1108185408540722,
                        0.09864981595984973,
                        0.06294772168891435
                    ],
                    [
                        0.3724715256504703,
                        0.2135939179724769,
                        0.1457996255246505,
                        0.10816494219662143,
                        0.097301490525804,
                        0.06266849812997681
                    ],
                    [
                        0.379292870165602,
                        0.21414527794159943,
                        0.14347697680103919,
                        0.10490564363303004,
                        0.09585134491042216,
                        0.06232788654830703
                    ]
                ],
                "motion_vectors_variance": [
                    1.1446004714642373,
                    1.1447012652872597,
                    1.144807316721388,
                    1.1449158439024618,
                    1.144806008792797,
                    1.1447134313279677
                ],
                "motion_vectors_priors": [
                    0.42857142857142855,
                    0.24338624338624337,
                    0.08994708994708994,
                    0.08465608465608465,
                    0.08465608465608465,
                    0.06878306878306878
                ],
                "init_position_prior": 0.0
            },
            {
                "centroid": [
                    216.0,
                    240.0
                ],
                "x_limits": [
                    144,
                    288
                ],
                "y_limits": [
                    192,
                    288
                ],
                "motion_vectors": [
                    [
                        0.0,
                        0.0
                    ],
                    [
                        0.0,
                        0.0
                    ],
                    [
                        0.0,
                        0.0
                    ],
                    [
                        0.0,
                        0.0
                    ],
                    [
                        0.0,
                        0.0
                    ],
                    [
                        0.0,
                        0.0
                    ]
                ],
                "transition_matrix": [
                    [
                        0.33728445032211096,
                        0.21130037170948945,
                        0.15784621619371036,
                        0.12645684735955404,
                        0.10465407237477202,
                        0.06245804204036322
                    ],
                    [
                        0.34749877671529683,
                        0.21117921988093202,
                        0.154670854246945,
                        0.12116161380514198,
                        0.10299056642849977,
                        0.06249896892318432
                    ],
                    [
                        0.36082883454677456,
                        0.21243243537789303,
                        0.149971669355341,
                        0.11402105276938093,
                        0.1000483778793712,
                        0.0626976300712394
                    ],
                    [
                        0.36852177457014057,
                        0.2129866189376756,
                        0.14718195266981957,
                        0.11000126027097158,
                        0.09837758424476842,
                        0.06293080930662429
                    ],
                    [
                        0.3733304286874377,
                        0.21365042543499782,
                        0.14555100012835095,
                        0.10768591988845863,
                        0.09716754937467444,
                        0.06261467648608036
                    ],
                    [
                        0.37922673387850514,
                        0.21412369179547727,
                        0.1435521813791573,
                        0.10491941776295818,
                        0.09592174495966398,
                        0.062256230224238096
                    ]
                ],
                "motion_vectors_variance": [
                    1.3018539308382602,
                    1.3028732193222765,
                    1.3040297072690294,
                    1.3056028179695227,
                    1.3040353638464042,
                    1.3029287601107065
                ],
                "motion_vectors_priors": [
                    0.4117647058823529,
                    0.23949579831932774,
                    0.14915966386554622,
                    0.08403361344537816,
                    0.06512605042016807,
                    0.05042016806722689
                ],
                "init_position_prior": 0.0
            },
            {
                "centroid": [
                    216.0,
                    336.0
                ],
                "x_limits": [
                    144,
                    288
                ],
                "y_limits": [
                    288,
                    384
                ],
                "motion_vectors": [
                    [
                        0.0,
                        0.0
                    ],
                    [
                        0.0,
                        0.0
                    ],
                    [
                        0.0,
                        0.0
                    ],
                    [
                        0.0,
                        0.0
                    ],
                    [
                        0.0,
                        0.0
                    ],
                    [
                        0.0,
                        0.0
                    ]
                ],
                "transition_matrix": [
                    [
                        0.3372511028293395,
                        0.21160221029614099,
                        0.15808013805732615,
                        0.1259441660157109,
                        0.10458823738330662,
                        0.06253414541817577
                    ],
                    [
                        0.3496781996940588,
                        0.2114034300255299,
                        0.15405135847125892,
                        0.1197420384766082,
                        0.10256686658970064,
                        0.06255810674284354
                    ],
                    [
                        0.3626892831149447,
                        0.21260986240304264,
                        0.14939845955284528,
                        0.11293082804416615,
                        0.09966785446660366,
                        0.06270371241839737
                    ],
                    [
                        0.36951791316872185,
                        0.213064369035852,
                        0.14688567432849262,
                        0.10943377586777735,
                        0.09819785494977284,
                        0.06290041264938324
                    ],
                    [
                        0.373919823685316,
                        0.21367649272712058,
                        0.14539794841002043,
                        0.10735881382107486,
                        0.09708756859778281,
                        0.06255935275868543
                    ],
                    [
                        0.37918270619984223,
                        0.2140932988655638,
                        0.14362140573476603,
                        0.10493242009778532,
                        0.09598093911399226,
                        0.06218922998805026
                    ]
                ],
                "motion_vectors_variance": [
                    2.008712366884009,
                    2.008789008878123,
                    2.00887807564129,
                    2.0091041669412073,
                    2.0089106766065346,
                    2.008817532322686
                ],
                "motion_vectors_priors": [
                    0.43243243243243246,
                    0.17027027027027028,
                    0.15675675675675677,
                    0.1,
                    0.0918918918918919,
                    0.04864864864864865
                ],
                "init_position_prior": 0.0
            },
            {
                "centroid": [
                    216.0,
                    432.0
                ],
                "x_limits": [
                    144,
                    288
                ],
                "y_limits": [
                    384,
                    480
                ],
                "motion_vectors": [
                    [
                        0.0,
                        0.0
                    ],
                    [
                        0.0,
                        0.0
                    ],
                    [
                        0.0,
                        0.0
                    ],
                    [
                        0.0,
                        0.0
                    ],
                    [
                        0.0,
                        0.0
                    ],
                    [
                        0.0,
                        0.0
                    ]
                ],
                "transition_matrix": [
                    [
                        0.3373479538012813,
                        0.21175023826127076,
                        0.15814518440690584,
                        0.12564848372465118,
                        0.10453536471496001,
                        0.06257277509093084
                    ],
                    [
                        0.35060504186048835,
                        0.21150670098979252,
                        0.15378797574794598,
                        0.11913583674621707,
                        0.10238355361623427,
                        0.06258089103932166
                    ],
                    [
                        0.3634295777498118,
                        0.21268119854805068,
                        0.14917506940242836,
                        0.11249516401141352,
                        0.09951739414094551,
                        0.06270159614735026
                    ],
                    [
                        0.369898377470954,
                        0.21309185883879234,
                        0.14677840052204078,
                        0.10921573838222562,
                        0.09813260737061805,
                        0.06288301741536925
                    ],
                    [
                        0.37413749925870976,
                        0.2136815532699214,
                        0.1453482743460532,
                        0.10723725176476763,
                        0.09706304235454319,
                        0.06253237900600461
                    ],
                    [
                        0.37915758758711143,
                        0.21407530995615945,
                        0.1436571940367366,
                        0.10494252686414984,
                        0.09600979119065679,
                        0.06215759036518581
                    ]
                ],
                "motion_vectors_variance": [
                    0.5618095294320058,
                    0.5618120388451104,
                    0.561820872028499,
                    0.5618367173038464,
                    0.561822657229515,
                    0.5617888353789232
                ],
                "motion_vectors_priors": [
                    0.27052489905787347,
                    0.2126514131897712,
                    0.17362045760430686,
                    0.1480484522207268,
                    0.14670255720053835,
                    0.04845222072678331
                ],
                "init_position_prior": 0.0
            }
        ],
        [
            {
                "centroid": [
                    360.0,
                    48.0
                ],
                "x_limits": [
                    288,
                    432
                ],
                "y_limits": [
                    0,
                    96
                ],
                "motion_vectors": [
                    [
                        0.0,
                        0.0
                    ],
                    [
                        0.0,
                        0.0
                    ],
                    [
                        0.0,
                        0.0
                    ],
                    [
                        0.0,
                        0.0
                    ],
                    [
                        0.0,
                        0.0
                    ],
                    [
                        0.0,
                        0.0
                    ]
                ],
                "transition_matrix": [
                    [
                        0.36924232653305494,
                        0.2125053872278922,
                        0.14712951833959936,
                        0.11022187412871116,
                        0.09832525298630262,
                        0.06257564078443972
                    ],
                    [
                        0.3582847404698595,
                        0.2129058815081072,
                        0.15056264652124288,
                        0.11548992833569266,
                        0.10015632320625431,
                        0.06260047995884338
                    ],
                    [
                        0.3449736680613783,
                        0.2115825731237285,
                        0.15526974243976005,
                        0.12268846604677767,
                        0.10309446874869724,
                        0.06239108157965821
                    ],
                    [
                        0.3376208810505914,
                        0.21080264300649454,
                        0.1579489354601336,
                        0.12686200388796096,
                        0.10466850794113469,
                        0.06209702865368473
                    ],
                    [
                        0.3330727740638633,
                        0.20993565636421727,
                        0.15948823529457112,
                        0.12933741835552365,
                        0.10581565719593475,
                        0.06235025872589002
                    ],
                    [
                        0.32793243693719054,
                        0.20919431331303656,
                        0.1612532132290002,
                        0.13212119098861577,
                        0.10687562149569828,
                        0.06262322403645865
                    ]
                ],
                "motion_vectors_variance": [
                    1.1263146623580644,
                    1.1260988320018093,
                    1.1259894276364097,
                    1.1259654798221082,
                    1.126027171613597,
                    1.1259930633667967
                ],
                "motion_vectors_priors": [
                    0.3175182481751825,
                    0.2718978102189781,
                    0.16605839416058393,
                    0.13686131386861314,
                    0.072992700729927,
                    0.03467153284671533
                ],
                "init_position_prior": 0.09523809523809523
            },
            {
                "centroid": [
                    360.0,
                    144.0
                ],
                "x_limits": [
                    288,
                    432
                ],
                "y_limits": [
                    96,
                    192
                ],
                "motion_vectors": [
                    [
