{
    "width": 720.0,
    "height": 480.0,
    "nr_nodes": 25,
    "side": 5,
    "x_interval": 144.0,
    "y_interval": 96.0,
    "nr_fields": 4,
    "grid_matrix": [
        [
            {
                "centroid": [
                    72.0,
                    48.0
                ],
                "x_limits": [
                    0,
                    144
                ],
                "y_limits": [
                    0,
                    96
                ],
                "motion_vectors": [
                    [
                        -1.1383521106763164,
                        0.05285857338178934
                    ],
                    [
                        -0.8029153013137005,
                        0.005025430473055398
                    ],
                    [
                        -0.6300155564059035,
                        0.08373883764847317
                    ],
                    [
                        -0.7496892874405241,
                        0.030468303611432802
                    ]
                ],
                "transition_matrix": [
                    [
                        0.42626458120711896,
                        0.2690659012737363,
                        0.17911087270830764,
                        0.12555864481083706
                    ],
                    [
                        0.42625791586267014,
                        0.26906628115703374,
                        0.17911281656423328,
                        0.12556298641606298
                    ],
                    [
                        0.4262579798117329,
                        0.26906481600447935,
                        0.17911287156143224,
                        0.1255643326223555
                    ],
                    [
                        0.42625978088862754,
                        0.2690642350858351,
                        0.1791112224101445,
                        0.12556476161539276
                    ]
                ],
                "motion_vectors_variance": [
                    1.5623068454391948,
                    1.3182367054199726,
                    1.138112897691196,
                    1.1484300753550876
                ],
                "motion_vectors_priors": [
                    0.40574506283662476,
                    0.34290843806104127,
                    0.1490125673249551,
                    0.10233393177737882
                ],
                "init_position_prior": 0.047619047619047616
            },
            {
                "centroid": [
                    72.0,
                    144.0
                ],
                "x_limits": [
                    0,
                    144
                ],
                "y_limits": [
                    96,
                    192
                ],
                "motion_vectors": [
                    [
                        2.51060372486684,
                        0.4977000402352485
                    ],
                    [
                        2.1169965580237293,
                        1.0465876711565738
                    ],
                    [
                        -0.03495126098614902,
                        -0.07340149457077359
                    ],
                    [
                        1.638454375271617,
                        0.3379153365670374
                    ]
                ],
                "transition_matrix": [
                    [
                        0.42628906399170524,
                        0.2690658342685758,
                        0.17910278871513344,
                        0.12554231302458563
                    ],
                    [
                        0.42628259550393593,
                        0.2690662251262622,
                        0.17910466979226664,
                        0.12554650957753513
                    ],
                    [
                        0.42628273859598115,
                        0.26906476500021226,
                        0.17910469990100475,
                        0.12554779650280196
                    ],
                    [
                        0.42628457493979083,
                        0.2690641853735828,
                        0.17910303831170385,
                        0.12554820137492256
                    ]
                ],
                "motion_vectors_variance": [
                    6.380397837209396,
                    3.5306947625421534,
                    9.6517689829569,
                    2.165454645219376
                ],
                "motion_vectors_priors": [
                    0.2910714285714286,
                    0.28035714285714286,
                    0.25,
                    0.17857142857142858
                ],
                "init_position_prior": 0.09523809523809523
            },
            {
                "centroid": [
                    72.0,
                    240.0
                ],
                "x_limits": [
                    0,
                    144
                ],
                "y_limits": [
                    192,
                    288
                ],
                "motion_vectors": [
                    [
                        0.9044964005907764,
                        -3.787367009544163
                    ],
                    [
                        -1.1439573496335698,
                        -0.8153747981592594
                    ],
                    [
                        0.04665180202562044,
                        -0.46702099847128964
                    ],
                    [
                        -0.4320436923119835,
                        -1.0244600434185736
                    ]
                ],
                "transition_matrix": [
                    [
                        0.42629929157837293,
                        0.26906581900225174,
                        0.17909940911430972,
                        0.12553548030506573
                    ],
                    [
                        0.42629289202408227,
                        0.2690662145135475,
                        0.1791012683245196,
                        0.1255396251378505
                    ],
                    [
                        0.4262930631802788,
                        0.26906475653407463,
                        0.17910128967189515,
                        0.1255408906137514
                    ],
                    [
                        0.42629491223825683,
                        0.2690641774587105,
                        0.17909962354892478,
                        0.12554128675410797
                    ]
                ],
                "motion_vectors_variance": [
                    9.157301001084914,
                    3.914550319548791,
                    3.266826730346472,
                    1.9616472757217243
                ],
                "motion_vectors_priors": [
                    0.5175718849840255,
                    0.2012779552715655,
                    0.1853035143769968,
                    0.09584664536741214
                ],
                "init_position_prior": 0.023809523809523808
            },
            {
                "centroid": [
                    72.0,
                    336.0
                ],
                "x_limits": [
                    0,
                    144
                ],
                "y_limits": [
                    288,
                    384
                ],
                "motion_vectors": [
                    [
                        -0.7764653830990232,
                        0.056608990097155414
                    ],
                    [
                        -0.2786014072401238,
                        -0.13221198220293157
                    ],
                    [
                        -0.04120611844645297,
                        -0.007676390236825543
                    ],
                    [
                        -0.08699908020936523,
                        -0.5599840897345565
                    ]
                ],
                "transition_matrix": [
                    [
                        0.42628863362521113,
                        0.2690658894177272,
                        0.1791029265021748,
                        0.12554255045488685
                    ],
                    [
                        0.42628229776103044,
                        0.2690662799732059,
                        0.1791047636293198,
                        0.12554665863644382
                    ],
                    [
                        0.4262824910060497,
                        0.26906481952163,
                        0.17910477716812098,
                        0.12554791230419912
                    ],
                    [
                        0.4262843476786078,
                        0.26906423984708056,
                        0.17910310881239142,
                        0.12554830366192016
                    ]
                ],
                "motion_vectors_variance": [
                    6.777166088994278,
                    1.0083866904740657,
                    0.4997617459552873,
                    1.5087456372624948
                ],
                "motion_vectors_priors": [
                    0.3333333333333333,
                    0.25,
                    0.20833333333333334,
                    0.20833333333333334
                ],
                "init_position_prior": 0.023809523809523808
            },
            {
                "centroid": [
                    72.0,
                    432.0
                ],
                "x_limits": [
                    0,
                    144
                ],
                "y_limits": [
                    384,
                    480
                ],
                "motion_vectors": [
                    [
                        2.1414003695855226,
                        0.5354374946178413
                    ],
                    [
                        0.10093591731264007,
                        -0.1751449860408768
                    ],
                    [
                        -0.4427005138685719,
                        -0.06861230351251127
                    ],
                    [
                        -0.11416427492135724,
                        0.10634263475165891
                    ]
                ],
                "transition_matrix": [
                    [
                        0.42626364192230254,
                        0.269066019436726,
                        0.17911117372007163,
                        0.1255591649209
                    ],
                    [
                        0.4262572708434726,
                        0.2690663986165092,
                        0.17911301999120957,
                        0.12556331054880868
                    ],
                    [
                        0.4262574466646994,
                        0.269064932630872,
                        0.17911303802998682,
                        0.12556458267444165
                    ],
                    [
                        0.4262592931278276,
                        0.269064351608881,
                        0.1791113737474488,
                        0.12556498151584258
                    ]
                ],
                "motion_vectors_variance": [
                    0.788460965452829,
                    2.9847928750331576,
                    1.7483888213927745,
                    1.1276477248956103
                ],
                "motion_vectors_priors": [
                    0.39090909090909093,
                    0.29393939393939394,
                    0.17575757575757575,
                    0.1393939393939394
                ],
                "init_position_prior": 0.047619047619047616
            }
        ],
        [
            {
                "centroid": [
                    216.0,
                    48.0
                ],
                "x_limits": [
                    144,
                    288
                ],
                "y_limits": [
                    0,
                    96
                ],
                "motion_vectors": [
                    [
                        -1.012555268335487,
                        -0.7805489460669546
                    ],
                    [
                        -5.676388836237723,
                        -1.0253590993886614
                    ],
                    [
                        -0.02453447927961106,
                        -2.3780534234442325
                    ],
                    [
                        -2.649655108346094,
                        -1.320619695675725
                    ]
                ],
                "transition_matrix": [
                    [
                        0.42590841716034583,
                        0.26906730539806184,
                        0.17922843987781015,
                        0.1257958375637822
                    ],
                    [
                        0.4259005742755335,
                        0.26906752343534446,
                        0.1792307382633855,
                        0.12580116402573652
                    ],
                    [
                        0.42590013306190555,
                        0.269065980536469,
                        0.17923094225361175,
                        0.12580294414801374
                    ],
                    [
                        0.42590168403020034,
                        0.26906538044043093,
                        0.17922938614140563,
                        0.12580354938796307
                    ]
                ],
                "motion_vectors_variance": [
                    2.650509530901142,
                    1.6638503556700912,
                    9.438248976999878,
                    1.0186064932555308
                ],
                "motion_vectors_priors": [
                    0.40594059405940597,
                    0.24356435643564356,
                    0.18613861386138614,
                    0.16435643564356436
                ],
                "init_position_prior": 0.09523809523809523
            },
            {
                "centroid": [
                    216.0,
                    144.0
                ],
                "x_limits": [
                    144,
                    288
                ],
                "y_limits": [
                    96,
                    192
                ],
                "motion_vectors": [
                    [
                        -0.9633839293790953,
                        0.06905706337279063
                    ],
                    [
                        -0.9505843371843965,
                        0.18495994624004083
                    ],
                    [
                        -0.5359899526228474,
                        0.10396738596941629
                    ],
                    [
                        -0.8947263706891586,
                        0.15087640216983011
                    ]
                ],
                "transition_matrix": [
                    [
                        0.42592415164799474,
                        0.2690673022330424,
                        0.1792232672845078,
                        0.12578527883445506
                    ],
                    [
                        0.4259165228222417,
                        0.26906752715899257,
                        0.17922549657492204,
                        0.1257904534438438
                    ],
                    [
                        0.4259161646381883,
                        0.269065987447682,
                        0.17922567400173178,
                        0.12579217391239783
                    ],
                    [
                        0.42591775127474785,
                        0.26906538815941794,
                        0.1792241056384243,
                        0.12579275492740988
                    ]
                ],
                "motion_vectors_variance": [
                    1.5942152648647863,
                    1.0626163827048638,
                    1.8561624689558882,
                    1.238071588780031
                ],
                "motion_vectors_priors": [
                    0.4444444444444444,
                    0.31216931216931215,
                    0.15343915343915343,
                    0.08994708994708994
                ],
                "init_position_prior": 0.0
            },
            {
                "centroid": [
                    216.0,
                    240.0
                ],
                "x_limits": [
                    144,
                    288
                ],
                "y_limits": [
                    192,
                    288
                ],
                "motion_vectors": [
                    [
                        -2.8814442542355043,
                        -1.5666722309696626
                    ],
                    [
                        -2.7583993448220485,
                        -0.3351689313314941
                    ],
                    [
                        1.0384020206163722,
                        1.3597909859973059
                    ],
                    [
                        -0.6816939601966379,
                        -0.42037392913133165
                    ]
                ],
                "transition_matrix": [
                    [
                        0.42593066235503807,
                        0.2690673186972299,
                        0.1792211260960783,
                        0.12578089285165392
                    ],
                    [
                        0.42592314232187933,
                        0.2690675464756049,
                        0.17922332007808361,
                        0.1257859911244321
                    ],
                    [
                        0.42592282639386975,
                        0.26906600803262903,
                        0.17922348390908482,
                        0.12578768166441642
                    ],
                    [
                        0.4259244310225046,
                        0.26906540908488236,
                        0.17922190939079638,
                        0.1257882505018167
                    ]
                ],
                "motion_vectors_variance": [
                    2.899770008546337,
                    2.0943937385206137,
                    1.320992674602527,
                    12.538717145368892
                ],
                "motion_vectors_priors": [
                    0.5672268907563025,
                    0.28361344537815125,
                    0.08403361344537816,
                    0.06512605042016807
                ],
                "init_position_prior": 0.0
            },
            {
                "centroid": [
                    216.0,
                    336.0
                ],
                "x_limits": [
                    144,
                    288
                ],
                "y_limits": [
                    288,
                    384
                ],
                "motion_vectors": [
                    [
                        0.5322151743967313,
                        0.8355126879947142
                    ],
                    [
                        0.735512104851624,
                        0.5740037758244593
                    ],
                    [
                        -0.0025431891803315114,
                        -0.011510425631664961
                    ],
                    [
                        0.2437768831993654,
                        0.10933616892262198
                    ]
                ],
                "transition_matrix": [
                    [
                        0.42592347419205906,
                        0.26906737011465626,
                        0.1792234857055201,
                        0.12578566998776458
                    ],
                    [
                        0.4259160987893934,
                        0.26906759438722627,
                        0.17922563116521315,
                        0.1257906756581672
                    ],
                    [
                        0.42591583594392196,
                        0.2690660541281379,
                        0.17922577712882232,
                        0.12579233279911783
                    ],
                    [
                        0.4259174612227207,
                        0.26906545474355975,
                        0.17922419593962735,
                        0.1257928880940923
                    ]
                ],
                "motion_vectors_variance": [
                    3.939528842306008,
                    1.9170375337383618,
                    8.01087231770816,
                    2.7655598420040985
                ],
                "motion_vectors_priors": [
                    0.5027027027027027,
                    0.1891891891891892,
                    0.17027027027027028,
                    0.13783783783783785
                ],
                "init_position_prior": 0.0
            },
            {
                "centroid": [
                    216.0,
                    432.0
                ],
                "x_limits": [
                    144,
                    288
                ],
                "y_limits": [
                    384,
                    480
                ],
                "motion_vectors": [
                    [
                        0.6166620320215876,
                        0.1745109550328311
                    ],
                    [
                        2.553112029838768,
                        0.031657495658290846
                    ],
                    [
                        0.2326692519974607,
                        0.29419124536181884
                    ],
                    [
                        0.6448626681816919,
                        0.24007129911955843
                    ]
                ],
                "transition_matrix": [
                    [
                        0.4259070925357555,
                        0.26906745025726886,
                        0.1792288661118285,
                        0.12579659109514715
                    ],
                    [
                        0.42589971746307975,
                        0.2690676670616262,
                        0.17923100964352673,
                        0.12580160583176736
                    ],
                    [
                        0.42589945240119864,
                        0.2690661231138624,
                        0.1792311554747542,
                        0.12580326901018477
                    ],
                    [
                        0.4259010747921681,
                        0.2690655228442191,
                        0.17922957563738284,
                        0.12580382672623
                    ]
                ],
                "motion_vectors_variance": [
                    1.8375609846822478,
                    1.6125573058990776,
                    14.146683946680499,
                    1.2723231882798436
                ],
                "motion_vectors_priors": [
                    0.39703903095558546,
                    0.2732166890982503,
                    0.1816958277254374,
                    0.1480484522207268
                ],
                "init_position_prior": 0.0
            }
        ],
        [
            {
                "centroid": [
                    360.0,
                    48.0
                ],
                "x_limits": [
                    288,
                    432
                ],
                "y_limits": [
                    0,
                    96
                ],
                "motion_vectors": [
                    [
                        -1.7414094078589235,
                        -0.44449354843048877
                    ],
                    [
                        0.40709941591439214,
                        0.6091602639781586
                    ],
                    [
                        -0.30137435076615077,
                        0.17021310350279448
                    ],
                    [
                        -0.6100179169288393,
                        -0.25901740690708386
                    ]
                ],
                "transition_matrix": [
                    [
                        0.4252718633558792,
                        0.26906944563347324,
                        0.17943814191856397,
                        0.12622054909208355
                    ],
                    [
                        0.4252620198039535,
                        0.26906937473241516,
                        0.17944103761233957,
                        0.12622756785129183
                    ],
                    [
                        0.4252607139257556,
                        0.2690676931937802,
                        0.17944149453642497,
                        0.12623009834403925
                    ],
                    [
                        0.4252618337518372,
                        0.26906705865636676,
                        0.17944009883882037,
                        0.1262310087529757
                    ]
                ],
                "motion_vectors_variance": [
                    1.3359166545948327,
                    6.856572279814248,
                    2.8967190381927947,
                    1.2243508149329883
                ],
                "motion_vectors_priors": [
                    0.3759124087591241,
                    0.29927007299270075,
                    0.2864963503649635,
                    0.03832116788321168
                ],
                "init_position_prior": 0.09523809523809523
            },
            {
                "centroid": [
                    360.0,
                    144.0
                ],
                "x_limits": [
                    288,
                    432
                ],
                "y_limits": [
                    96,
                    192
                ],
                "motion_vectors": [
                    [
                        3.1978946160035893,
                        0.5213766530301989
                    ],
                    [
                        0.008258746750173268,
                        0.1447950108105371
                    ],
                    [
                        0.2733627902849552,
                        0.26953101667295354
                    ],
                    [
                        -0.20391496045726448,
                        0.5305089473488453
                    ]
                ],
                "transition_matrix": [
                    [
                        0.42527159793950353,
                        0.26906951408638374,
                        0.1794382564674164,
                        0.1262206315066963
                    ],
                    [
                        0.42526204403225143,
                        0.26906944251574144,
                        0.17944105669725569,
                        0.12622745675475153
                    ],
                    [
                        0.42526084607126263,
                        0.2690677605521375,
                        0.17944147809857047,
                        0.12622991527802938
                    ],
                    [
                        0.4252620096251252,
                        0.2690671259210595,
                        0.17944006796924158,
                        0.12623079648457367
                    ]
                ],
                "motion_vectors_variance": [
                    4.323087169531656,
                    32.17315458112489,
                    18.904988026989994,
                    1.804466398622774
                ],
                "motion_vectors_priors": [
                    0.4619289340101523,
                    0.24619289340101522,
                    0.1700507614213198,
                    0.1218274111675127
                ],
                "init_position_prior": 0.023809523809523808
            },
            {
                "centroid": [
                    360.0,
                    240.0
                ],
                "x_limits": [
                    288,
                    432
                ],
                "y_limits": [
                    192,
                    288
                ],
                "motion_vectors": [
                    [
                        -1.5419683726760183,
                        -0.04297622866784416
                    ],
                    [
                        -0.6870404626061946,
                        0.006792938958422395
                    ],
                    [
                        -0.34982976611973593,
                        -0.010444838567787194
                    ],
                    [
                        -0.6827689497930756,
                        -0.04413107617455167
                    ]
                ],
                "transition_matrix": [
                    [
                        0.42527137844707263,
                        0.2690695629435741,
                        0.1794383403364992,
                        0.12622071827285417
                    ],
                    [
                        0.425261980217754,
                        0.2690694910462718,
                        0.1794410892478303,
                        0.12622743948814383
                    ],
                    [
                        0.4252608404965161,
                        0.26906780885619536,
                        0.17944149148294808,
                        0.12622985916434035
                    ],
                    [
                        0.42526202766178384,
                        0.2690671741872112,
                        0.17944007355830546,
                        0.1262307245926995
                    ]
                ],
                "motion_vectors_variance": [
                    1.2522953087520337,
                    1.1779583802841385,
                    1.409568009622982,
                    1.0912574975254201
                ],
                "motion_vectors_priors": [
                    0.4546783625730994,
                    0.3611111111111111,
                    0.13742690058479531,
                    0.04678362573099415
                ],
                "init_position_prior": 0.07142857142857142
            },
            {
                "centroid": [
                    360.0,
                    336.0
                ],
                "x_limits": [
                    288,
                    432
                ],
                "y_limits": [
                    288,
                    384
                ],
                "motion_vectors": [
                    [
                        -1.650188811521982,
                        0.06858806711000458
                    ],
                    [
                        1.1911198992507,
                        0.04487404088290836
                    ],
                    [
                        0.5342617397842845,
                        -0.06715531447187208
                    ],
                    [
                        -0.42473955549176295,
                        0.0588090906225793
                    ]
                ],
                "transition_matrix": [
                    [
                        0.4252707903436419,
                        0.2690695868036177,
                        0.17943851733755342,
                        0.1262211055151869
                    ],
                    [
                        0.42526155928579257,
                        0.26906951452769007,
                        0.1794412110333511,
                        0.12622771515316625
                    ],
                    [
                        0.42526048130018784,
                        0.2690678321259169,
                        0.1794415928762367,
                        0.12623009369765856
                    ],
                    [
                        0.42526169340302694,
                        0.26906719737291196,
                        0.1794401667021511,
                        0.12623094252191
                    ]
                ],
                "motion_vectors_variance": [
                    2.69608183223003,
                    2.3043016852302363,
                    1.9693284203076356,
                    1.0374351497509786
                ],
                "motion_vectors_priors": [
                    0.276218611521418,
                    0.258493353028065,
                    0.2363367799113737,
                    0.22895125553914328
                ],
                "init_position_prior": 0.0
            },
            {
                "centroid": [
                    360.0,
                    432.0
                ],
                "x_limits": [
                    288,
                    432
                ],
                "y_limits": [
                    384,
                    480
                ],
                "motion_vectors": [
                    [
                        2.1458057767153433,
                        -0.3263153627427632
                    ],
                    [
                        1.0192642737530027,
                        -0.5450717077066574
                    ],
                    [
                        0.051102666413591194,
                        0.00892582914331893
                    ],
                    [
                        -0.25396220407777814,
                        -0.24731822489450833
                    ]
                ],
                "transition_matrix": [
                    [
                        0.42527006384557675,
                        0.26906960166676347,
                        0.17943872388124482,
                        0.12622161060641504
                    ],
                    [
                        0.4252609532117095,
                        0.26906952891688607,
                        0.17944137756661283,
                        0.12622814030479154
                    ],
                    [
                        0.42525992066457646,
                        0.2690678462069565,
                        0.1794417443556088,
                        0.12623048877285822
                    ],
                    [
                        0.4252611512078016,
                        0.2690672113966391,
                        0.17944031203126293,
                        0.12623132536429638
                    ]
                ],
                "motion_vectors_variance": [
                    2.9811919189806604,
                    3.2723015802594206,
                    48.53974766438637,
                    1.6064917269104027
                ],
                "motion_vectors_priors": [
                    0.4180478821362799,
                    0.3314917127071823,
                    0.19060773480662985,
                    0.05985267034990792
                ],
                "init_position_prior": 0.14285714285714285
            }
        ],
        [
            {
                "centroid": [
                    504.0,
                    48.0
                ],
                "x_limits": [
                    432,
                    576
                ],
                "y_limits": [
                    0,
                    96
                ],
                "motion_vectors": [
                    [
                        1.0064943708573106,
                        0.34515737272998465
                    ],
                    [
                        -0.4709755354216675,
                        0.36961847421903365
                    ],
                    [
                        0.2251759944795577,
                        0.7964927161891115
                    ],
                    [
                        0.3190001431132631,
                        -0.3605604882476154
                    ]
                ],
                "transition_matrix": [
                    [
                        0.42462907056104643,
                        0.2690711392960737,
                        0.17964938290122887,
                        0.12665040724165103
                    ],
                    [
                        0.42461710681378745,
                        0.2690707773846381,
                        0.17965291204792785,
                        0.12665920375364653
                    ],
                    [
                        0.42461489065231195,
                        0.2690689563401405,
                        0.17965363566089226,
                        0.12666251734665526
                    ],
                    [
                        0.4246155605824754,
                        0.2690682868995363,
                        0.1796524059541006,
                        0.12666374656388762
                    ]
                ],
                "motion_vectors_variance": [
                    9.163153184490918,
                    278.44470321966736,
                    1.9452414202231216,
                    2.306210418906474
                ],
                "motion_vectors_priors": [
                    0.6994818652849741,
                    0.16580310880829016,
                    0.07512953367875648,
                    0.05958549222797927
                ],
                "init_position_prior": 0.023809523809523808
            },
            {
                "centroid": [
                    504.0,
                    144.0
                ],
                "x_limits": [
                    432,
                    576
                ],
                "y_limits": [
                    96,
                    192
                ],
                "motion_vectors": [
                    [
                        -0.11584733634510899,
                        -0.1749245734761989
                    ],
                    [
                        0.21279519545346146,
                        -0.5808552450886665
                    ],
                    [
                        6.8038236229126925,
                        -0.18223732535286416
                    ],
                    [
                        0.44916474214083124,
                        -0.4074932580213234
                    ]
                ],
                "transition_matrix": [
                    [
                        0.42461254193475434,
                        0.26907123327221505,
                        0.17965482583731726,
                        0.12666139895571346
                    ],
                    [
                        0.42460077313866224,
                        0.26907086361061444,
                        0.17965828914586832,
                        0.12667007410485484
                    ],
                    [
                        0.42459862539745075,
                        0.26906903883252237,
                        0.17965898938644154,
                        0.12667334638358535
                    ],
                    [
                        0.4245993209184473,
                        0.26906836841735654,
                        0.1796577516917471,
                        0.12667455897244886
                    ]
                ],
                "motion_vectors_variance": [
                    71.07819905113654,
                    22.84991260596632,
                    6.295843280942767,
                    4.701106980107602
