{
    "width": 720.0,
    "height": 480.0,
    "nr_nodes": 25,
    "side": 5,
    "x_interval": 144.0,
    "y_interval": 96.0,
    "nr_fields": 4,
    "grid_matrix": [
        [
            {
                "centroid": [
                    72.0,
                    48.0
                ],
                "x_limits": [
                    0,
                    144
                ],
                "y_limits": [
                    0,
                    96
                ],
                "motion_vectors": [
                    [
                        0.0,
                        0.0
                    ],
                    [
                        0.0,
                        0.0
                    ],
                    [
                        0.0,
                        0.0
                    ],
                    [
                        0.0,
                        0.0
                    ]
                ],
                "transition_matrix": [
                    [
                        0.44743761647121444,
                        0.26217585648839864,
                        0.16693769584399543,
                        0.12344883119639148
                    ],
                    [
                        0.4458862621098974,
                        0.2628373522580922,
                        0.16760245225170758,
                        0.12367393338030301
                    ],
                    [
                        0.4340291031928549,
                        0.26416837150712047,
                        0.17472301764241568,
                        0.12707950765760898
                    ],
                    [
                        0.4217673399112681,
                        0.2641512276698192,
                        0.18016518116175215,
                        0.13391625125716058
                    ]
                ],
                "motion_vectors_variance": [
                    1.5172216817760056,
                    1.5171878891074067,
                    1.5171660965274705,
                    1.5171524907227742
                ],
                "motion_vectors_priors": [
                    0.40933572710951527,
                    0.3393177737881508,
                    0.1490125673249551,
                    0.10233393177737882
                ],
                "init_position_prior": 0.047619047619047616
            },
            {
                "centroid": [
                    72.0,
                    144.0
                ],
                "x_limits": [
                    0,
                    144
                ],
                "y_limits": [
                    96,
                    192
                ],
                "motion_vectors": [
                    [
                        0.0,
                        0.0
                    ],
                    [
                        0.0,
                        0.0
                    ],
                    [
                        0.0,
                        0.0
                    ],
                    [
                        0.0,
                        0.0
                    ]
                ],
                "transition_matrix": [
                    [
                        0.44649783588136216,
                        0.26223314866117503,
                        0.16751718555167638,
                        0.12375182990578645
                    ],
                    [
                        0.44609047921954875,
                        0.26277876899890174,
                        0.16750483945369868,
                        0.12362591232785078
                    ],
                    [
                        0.4345099829249828,
                        0.26410139319717607,
                        0.1744369875085318,
                        0.12695163636930953
                    ],
                    [
                        0.4221904538865112,
                        0.2641011459402175,
                        0.1799180744997603,
                        0.13379032567351093
                    ]
                ],
                "motion_vectors_variance": [
                    1.9910431363117336,
                    1.9910920320598602,
                    1.9911496981638102,
                    1.9911331933127292
                ],
                "motion_vectors_priors": [
                    0.2910714285714286,
                    0.28035714285714286,
                    0.25,
                    0.17857142857142858
                ],
                "init_position_prior": 0.09523809523809523
            },
            {
                "centroid": [
                    72.0,
                    240.0
                ],
                "x_limits": [
                    0,
                    144
                ],
                "y_limits": [
                    192,
                    288
                ],
                "motion_vectors": [
                    [
                        0.0,
                        0.0
                    ],
                    [
                        0.0,
                        0.0
                    ],
                    [
                        0.0,
                        0.0
                    ],
                    [
                        0.0,
                        0.0
                    ]
                ],
                "transition_matrix": [
                    [
                        0.4461537497165928,
                        0.26225296295565975,
                        0.1677441351504534,
                        0.12384915217729407
                    ],
                    [
                        0.44606461509628365,
                        0.2628099204138975,
                        0.1675267923666735,
                        0.12359867212314536
                    ],
                    [
                        0.43400498010491606,
                        0.2641728376251528,
                        0.17472636721842533,
                        0.12709581505150583
                    ],
                    [
                        0.4215434253196725,
                        0.26412115910358613,
                        0.1802099618205271,
                        0.1341254537562142
                    ]
                ],
                "motion_vectors_variance": [
                    1.7580080115418997,
                    1.7579954160549647,
                    1.7579899105017294,
                    1.757961671287352
                ],
                "motion_vectors_priors": [
                    0.5175718849840255,
                    0.2012779552715655,
                    0.1853035143769968,
                    0.09584664536741214
                ],
                "init_position_prior": 0.023809523809523808
            },
            {
                "centroid": [
                    72.0,
                    336.0
                ],
                "x_limits": [
                    0,
                    144
                ],
                "y_limits": [
                    288,
                    384
                ],
                "motion_vectors": [
                    [
                        0.0,
                        0.0
                    ],
                    [
                        0.0,
                        0.0
                    ],
                    [
                        0.0,
                        0.0
                    ],
                    [
                        0.0,
                        0.0
                    ]
                ],
                "transition_matrix": [
                    [
                        0.4453667637290754,
                        0.2623354040573914,
                        0.1682415956599758,
                        0.12405623655355738
                    ],
                    [
                        0.4456493214685075,
                        0.26295196613945865,
                        0.16776540399709092,
                        0.12363330839494287
                    ],
                    [
                        0.4325402364325811,
                        0.2643902440531587,
                        0.17557506235314127,
                        0.1274944571611189
                    ],
                    [
                        0.41989748142847794,
                        0.2642234130770984,
                        0.18100808123295634,
                        0.13487102426146722
                    ]
                ],
                "motion_vectors_variance": [
                    0.44861917721789973,
                    0.4486224449035877,
                    0.4486250690054586,
                    0.44862352360021107
                ],
                "motion_vectors_priors": [
                    0.3333333333333333,
                    0.25,
                    0.20833333333333334,
                    0.20833333333333334
                ],
                "init_position_prior": 0.023809523809523808
            },
            {
                "centroid": [
                    72.0,
                    432.0
                ],
                "x_limits": [
                    0,
                    144
                ],
                "y_limits": [
                    384,
                    480
                ],
                "motion_vectors": [
                    [
                        0.0,
                        0.0
                    ],
                    [
                        0.0,
                        0.0
                    ],
                    [
                        0.0,
                        0.0
                    ],
                    [
                        0.0,
                        0.0
                    ]
                ],
                "transition_matrix": [
                    [
                        0.44548727257270515,
                        0.26236275987391156,
                        0.16819538741189352,
                        0.12395458014148969
                    ],
                    [
                        0.4451141791573987,
                        0.26313758662537334,
                        0.16805540205941774,
                        0.12369283215781028
                    ],
                    [
                        0.43089710728420977,
                        0.26462746564304995,
                        0.17653306088474513,
                        0.12794236618799512
                    ],
                    [
                        0.41821865219578774,
                        0.26434127681464603,
                        0.18185349187526667,
                        0.13558657911429972
                    ]
                ],
                "motion_vectors_variance": [
                    0.8314471943832805,
                    0.8313673302406,
                    0.831285341939107,
                    0.8312837653585543
                ],
                "motion_vectors_priors": [
                    0.39090909090909093,
                    0.29393939393939394,
                    0.17575757575757575,
                    0.1393939393939394
                ],
                "init_position_prior": 0.047619047619047616
            }
        ],
        [
            {
                "centroid": [
                    216.0,
                    48.0
                ],
                "x_limits": [
                    144,
                    288
                ],
                "y_limits": [
                    0,
                    96
                ],
                "motion_vectors": [
                    [
                        0.0,
                        0.0
                    ],
                    [
                        0.0,
                        0.0
                    ],
                    [
                        0.0,
                        0.0
                    ],
                    [
                        0.0,
                        0.0
                    ]
                ],
                "transition_matrix": [
                    [
                        0.43528034623405754,
                        0.26368740234562377,
                        0.1736245363858269,
                        0.12740771503449172
                    ],
                    [
                        0.4444490854566631,
                        0.2624466508565717,
                        0.1684728113176353,
                        0.12463145236912977
                    ],
                    [
                        0.45926297904766644,
                        0.2612427685583802,
                        0.15946982391500483,
                        0.1200244284789485
                    ],
                    [
                        0.4668855379342136,
                        0.2611489650334034,
                        0.15536852986888383,
                        0.1165969671634993
                    ]
                ],
                "motion_vectors_variance": [
                    0.38776568788580484,
                    0.3876997955212153,
                    0.38766412622583185,
                    0.3876666010234888
                ],
                "motion_vectors_priors": [
                    0.40594059405940597,
                    0.24356435643564356,
                    0.18613861386138614,
                    0.16435643564356436
                ],
                "init_position_prior": 0.09523809523809523
            },
            {
                "centroid": [
                    216.0,
                    144.0
                ],
                "x_limits": [
                    144,
                    288
                ],
                "y_limits": [
                    96,
                    192
                ],
                "motion_vectors": [
                    [
                        0.0,
                        0.0
                    ],
                    [
                        0.0,
                        0.0
                    ],
                    [
                        0.0,
                        0.0
                    ],
                    [
                        0.0,
                        0.0
                    ]
                ],
                "transition_matrix": [
                    [
                        0.4355353759951179,
                        0.26360165559385107,
                        0.17354984862136844,
                        0.12731311978966264
                    ],
                    [
                        0.4457006113446859,
                        0.26232094954763097,
                        0.1677611905213432,
                        0.12421724858633987
                    ],
                    [
                        0.4598523204743817,
                        0.2611906388224925,
                        0.15912588284704832,
                        0.11983115785607751
                    ],
                    [
                        0.46705918583971323,
                        0.2611117111738014,
                        0.1552162433870078,
                        0.11661285959947774
                    ]
                ],
                "motion_vectors_variance": [
                    1.1446323443787165,
                    1.1447158907285915,
                    1.1448140588989384,
                    1.1447880345642814
                ],
                "motion_vectors_priors": [
                    0.4444444444444444,
                    0.31216931216931215,
                    0.15343915343915343,
                    0.08994708994708994
                ],
                "init_position_prior": 0.0
            },
            {
                "centroid": [
                    216.0,
                    240.0
                ],
                "x_limits": [
                    144,
                    288
                ],
                "y_limits": [
                    192,
                    288
                ],
                "motion_vectors": [
                    [
                        0.0,
                        0.0
                    ],
                    [
                        0.0,
                        0.0
                    ],
                    [
                        0.0,
                        0.0
                    ],
                    [
                        0.0,
                        0.0
                    ]
                ],
                "transition_matrix": [
                    [
                        0.4362308691959628,
                        0.2633850782292423,
                        0.1733066856693564,
                        0.12707736690543855
                    ],
                    [
                        0.4481317558841359,
                        0.2620698299582372,
                        0.16637891271545163,
                        0.12341950144217537
                    ],
                    [
                        0.46090494507514373,
                        0.2610904022782928,
                        0.158512885402116,
                        0.1194917672444474
                    ],
                    [
                        0.46735237520228445,
                        0.26103835906966977,
                        0.15495347043648416,
                        0.11665579529156166
                    ]
                ],
                "motion_vectors_variance": [
                    1.3021719592440526,
                    1.3031066634607853,
                    1.304239844224845,
                    1.303922399461707
                ],
                "motion_vectors_priors": [
                    0.5672268907563025,
                    0.28361344537815125,
                    0.08403361344537816,
                    0.06512605042016807
                ],
                "init_position_prior": 0.0
            },
            {
                "centroid": [
                    216.0,
                    336.0
                ],
                "x_limits": [
                    144,
                    288
                ],
                "y_limits": [
                    288,
                    384
                ],
                "motion_vectors": [
                    [
                        0.0,
                        0.0
                    ],
                    [
                        0.0,
                        0.0
                    ],
                    [
                        0.0,
                        0.0
                    ],
                    [
                        0.0,
                        0.0
                    ]
                ],
                "transition_matrix": [
                    [
                        0.4369069264678645,
                        0.2631741829084127,
                        0.17304552191367292,
                        0.12687336871004976
                    ],
                    [
                        0.44996147701528366,
                        0.2618628739117263,
                        0.16534219044073847,
                        0.12283345863225162
                    ],
                    [
                        0.46164607621888115,
                        0.2610004602348182,
                        0.1580862376866131,
                        0.11926722585968759
                    ],
                    [
                        0.4675639075867492,
                        0.2609649003148599,
                        0.15476840012274604,
                        0.11670279197564487
                    ]
                ],
                "motion_vectors_variance": [
                    2.0087240176227574,
                    2.0088493533039244,
                    2.0089483556978798,
                    2.0089160664593226
                ],
                "motion_vectors_priors": [
                    0.5027027027027027,
                    0.1891891891891892,
                    0.17027027027027028,
                    0.13783783783783785
                ],
                "init_position_prior": 0.0
            },
            {
                "centroid": [
                    216.0,
                    432.0
                ],
                "x_limits": [
                    144,
                    288
                ],
                "y_limits": [
                    384,
                    480
                ],
                "motion_vectors": [
                    [
                        0.0,
                        0.0
                    ],
                    [
                        0.0,
                        0.0
                    ],
                    [
                        0.0,
                        0.0
                    ],
                    [
                        0.0,
                        0.0
                    ]
                ],
                "transition_matrix": [
                    [
                        0.4372652161145746,
                        0.2630705068666581,
                        0.17288941118363382,
                        0.12677486583513345
                    ],
                    [
                        0.4507144348151475,
                        0.26177220568263465,
                        0.1649159239493742,
                        0.12259743555284372
                    ],
                    [
                        0.4619287164239464,
                        0.26095971169380633,
                        0.15792488366173152,
                        0.11918668822051569
                    ],
                    [
                        0.4676386288852033,
                        0.2609296114508226,
                        0.15470026646206164,
                        0.11673149320191249
                    ]
                ],
                "motion_vectors_variance": [
                    0.5618134825243597,
                    0.5618126620176286,
                    0.561815417238566,
                    0.5618067147317158
                ],
                "motion_vectors_priors": [
                    0.39703903095558546,
                    0.2732166890982503,
                    0.1816958277254374,
                    0.1480484522207268
                ],
                "init_position_prior": 0.0
            }
        ],
        [
            {
                "centroid": [
                    360.0,
                    48.0
                ],
                "x_limits": [
                    288,
                    432
                ],
                "y_limits": [
                    0,
                    96
                ],
                "motion_vectors": [
                    [
                        0.0,
                        0.0
                    ],
                    [
                        0.0,
                        0.0
                    ],
                    [
                        0.0,
                        0.0
                    ],
                    [
                        0.0,
                        0.0
                    ]
                ],
                "transition_matrix": [
                    [
                        0.4585593734837147,
                        0.26117610332083396,
                        0.16024891514903827,
                        0.1200156080464132
                    ],
                    [
                        0.44631060441626563,
                        0.2626740596570821,
                        0.1672621132516222,
                        0.12375322267502989
                    ],
                    [
                        0.43380727809617947,
                        0.26336833490080763,
                        0.1752292057533543,
                        0.12759518124965855
                    ],
                    [
                        0.4276222512497444,
                        0.2630988545675455,
                        0.17889172946204676,
                        0.13038716472066317
                    ]
                ],
                "motion_vectors_variance": [
                    1.126272283574509,
                    1.1261192463236376,
                    1.1259647250156568,
                    1.1259515922413075
                ],
                "motion_vectors_priors": [
                    0.3759124087591241,
                    0.29927007299270075,
                    0.2864963503649635,
                    0.03832116788321168
                ],
                "init_position_prior": 0.09523809523809523
            },
            {
                "centroid": [
                    360.0,
                    144.0
                ],
                "x_limits": [
                    288,
                    432
                ],
                "y_limits": [
                    96,
                    192
                ],
                "motion_vectors": [
                    [
                        0.0,
                        0.0
                    ],
                    [
                        0.0,
                        0.0
                    ],
                    [
                        0.0,
                        0.0
                    ],
                    [
                        0.0,
                        0.0
                    ]
                ],
                "transition_matrix": [
                    [
                        0.4585222934502057,
                        0.26117871484922156,
                        0.16027125883473925,
                        0.12002773286583349
                    ],
                    [
                        0.4463127117655474,
                        0.26267252843519534,
                        0.16726151432163963,
                        0.12375324547761758
                    ],
                    [
                        0.4338517374153109,
                        0.26336407609625667,
                        0.1752028768812153,
                        0.12758130960721706
                    ],
                    [
                        0.4277135316615771,
                        0.26309509384400354,
                        0.1788403960598516,
                        0.13035097843456764
                    ]
                ],
                "motion_vectors_variance": [
                    1.7216239937116602,
                    1.7213663889070254,
                    1.721019830918606,
                    1.7211235692548723
                ],
                "motion_vectors_priors": [
                    0.4619289340101523,
                    0.24619289340101522,
                    0.1700507614213198,
                    0.1218274111675127
                ],
                "init_position_prior": 0.023809523809523808
            },
            {
                "centroid": [
                    360.0,
                    240.0
                ],
                "x_limits": [
                    288,
                    432
                ],
                "y_limits": [
                    192,
                    288
                ],
                "motion_vectors": [
                    [
                        0.0,
                        0.0
                    ],
                    [
                        0.0,
                        0.0
                    ],
                    [
                        0.0,
                        0.0
                    ],
                    [
                        0.0,
                        0.0
                    ]
                ],
                "transition_matrix": [
                    [
                        0.4585014676889344,
                        0.2611814676170178,
                        0.16027731723302538,
                        0.12003974746102236
                    ],
                    [
                        0.44627862295101867,
                        0.2626777431303204,
                        0.16727308276709238,
                        0.12377055115156844
                    ],
                    [
                        0.4338889187518591,
                        0.2633611398318654,
                        0.17517777654095926,
                        0.1275721648753164
                    ],
                    [
                        0.42790773868304627,
                        0.2630892632489463,
                        0.17873393511904606,
                        0.13026906294896148
                    ]
                ],
                "motion_vectors_variance": [
                    0.9107083490042465,
                    0.9111282718625469,
                    0.9114039901516009,
                    0.9116526023929206
                ],
                "motion_vectors_priors": [
                    0.4546783625730994,
                    0.3611111111111111,
                    0.13742690058479531,
                    0.04678362573099415
                ],
                "init_position_prior": 0.07142857142857142
            },
            {
                "centroid": [
                    360.0,
                    336.0
                ],
                "x_limits": [
                    288,
                    432
                ],
                "y_limits": [
                    288,
                    384
                ],
                "motion_vectors": [
                    [
                        0.0,
                        0.0
                    ],
                    [
                        0.0,
                        0.0
                    ],
                    [
                        0.0,
                        0.0
                    ],
                    [
                        0.0,
                        0.0
                    ]
                ],
                "transition_matrix": [
                    [
                        0.4575261292163128,
                        0.261313102511773,
                        0.1607286230594496,
                        0.12043214521246465
                    ],
                    [
                        0.4457465762587787,
                        0.26273808633699947,
                        0.16751410339234915,
                        0.12400123401187256
                    ],
                    [
                        0.43426605596685125,
                        0.2633148491550671,
                        0.17495668237600007,
                        0.12746241250208173
                    ],
                    [
                        0.4289012567565438,
                        0.2630379664657917,
                        0.17821888058537433,
                        0.12984189619229022
                    ]
                ],
                "motion_vectors_variance": [
                    1.1166433716264383,
                    1.1165941812641769,
                    1.11653756974321,
                    1.116548402186939
                ],
                "motion_vectors_priors": [
                    0.276218611521418,
                    0.258493353028065,
                    0.2363367799113737,
                    0.22895125553914328
                ],
                "init_position_prior": 0.0
            },
            {
                "centroid": [
                    360.0,
                    432.0
                ],
                "x_limits": [
                    288,
                    432
                ],
                "y_limits": [
                    384,
                    480
                ],
                "motion_vectors": [
                    [
                        0.0,
                        0.0
                    ],
                    [
                        0.0,
                        0.0
                    ],
                    [
                        0.0,
                        0.0
                    ],
                    [
                        0.0,
                        0.0
                    ]
                ],
                "transition_matrix": [
                    [
                        0.4533612603699684,
                        0.2619244451433211,
                        0.16253072853027045,
                        0.1221835659564401
                    ],
                    [
                        0.4445539057902946,
                        0.2628864699862042,
                        0.1680435055677084,
                        0.12451611865579273
                    ],
                    [
                        0.4345689053777709,
                        0.26327492075956455,
                        0.17477637940193727,
                        0.12737979446072736
                    ],
                    [
                        0.4296823337267845,
                        0.26299877687067313,
                        0.17781934313141112,
                        0.12949954627113117
                    ]
                ],
                "motion_vectors_variance": [
                    0.6014022096433213,
                    0.6013735818719319,
                    0.6013558753359026,
                    0.6013434902952074
                ],
                "motion_vectors_priors": [
                    0.4152854511970534,
                    0.3278084714548803,
                    0.19705340699815838,
                    0.05985267034990792
                ],
                "init_position_prior": 0.14285714285714285
            }
        ],
        [
            {
                "centroid": [
                    504.0,
                    48.0
                ],
                "x_limits": [
                    432,
                    576
                ],
                "y_limits": [
                    0,
                    96
                ],
                "motion_vectors": [
                    [
                        0.0,
                        0.0
                    ],
                    [
                        0.0,
                        0.0
                    ],
                    [
                        0.0,
                        0.0
                    ],
                    [
                        0.0,
                        0.0
                    ]
                ],
                "transition_matrix": [
                    [
                        0.42838820974202985,
                        0.2650611961797979,
                        0.17536683979186987,
                        0.13118375428630247
                    ],
                    [
                        0.42854552500164583,
                        0.26552343782792015,
                        0.1737671548346822,
                        0.13216388233575174
                    ],
                    [
                        0.43477143312110395,
                        0.2633697551063731,
                        0.17167907773286326,
                        0.1301797340396596
                    ],
                    [
                        0.44052430834246753,
                        0.2601149949699312,
                        0.17108691397642922,
                        0.12827378271117193
                    ]
                ],
                "motion_vectors_variance": [
                    1.458467957770409,
                    1.4584120767758388,
                    1.4584059431451823,
                    1.4584170775626548
                ],
                "motion_vectors_priors": [
                    0.6994818652849741,
                    0.16580310880829016,
                    0.07512953367875648,
                    0.05958549222797927
                ],
                "init_position_prior": 0.023809523809523808
            },
            {
                "centroid": [
                    504.0,
                    144.0
                ],
                "x_limits": [
                    432,
                    576
                ],
                "y_limits": [
                    96,
                    192
                ],
                "motion_vectors": [
                    [
                        0.0,
                        0.0
                    ],
                    [
                        0.0,
                        0.0
                    ],
                    [
                        0.0,
                        0.0
                    ],
                    [
                        0.0,
                        0.0
                    ]
                ],
                "transition_matrix": [
                    [
                        0.42543410371926277,
                        0.26540554875396666,
                        0.1767953066343168,
                        0.13236504089245374
                    ],
                    [
                        0.4282852510189518,
                        0.2654646822948441,
                        0.17387794650796587,
                        0.1323721201782382
                    ],
                    [
                        0.4361256217014233,
                        0.26316236976960405,
                        0.17098371806607401,
                        0.12972829046289852
                    ],
                    [
                        0.4422975348367484,
                        0.2599532846798278,
                        0.1701729740742631,
                        0.12757620640916081
                    ]
                ],
                "motion_vectors_variance": [
                    4.488594108351728,
                    4.4876727735982795,
                    4.487209385101018,
                    4.486731417011381
                ],
                "motion_vectors_priors": [
                    0.673202614379085,
                    0.16993464052287582,
                    0.0784313725490196,
                    0.0784313725490196
                ],
                "init_position_prior": 0.0
            },
            {
                "centroid": [
                    504.0,
                    240.0
                ],
                "x_limits": [
                    432,
                    576
                ],
                "y_limits": [
                    192,
                    288
                ],
                "motion_vectors": [
                    [
                        0.0,
                        0.0
                    ],
                    [
                        0.0,
                        0.0
                    ],
                    [
                        0.0,
                        0.0
                    ],
                    [
                        0.0,
                        0.0
                    ]
                ],
                "transition_matrix": [
                    [
                        0.40568262763425456,
                        0.26904932038394425,
                        0.18382925142778325,
                        0.141438800554018
                    ],
                    [
                        0.41980422050715893,
                        0.2667785704415168,
                        0.1770115509008315,
                        0.13640565815049271
                    ],
                    [
                        0.43593488224233073,
                        0.262885044401388,
                        0.17108752377709166,
                        0.1300925495791897
                    ],
                    [
                        0.44508742947130364,
                        0.25926720894826977,
                        0.16903988641940676,
                        0.12660547516101975
                    ]
                ],
                "motion_vectors_variance": [
                    0.7224864505663966,
                    0.7216020348487114,
