{
    "width": 720.0,
    "height": 480.0,
    "nr_nodes": 25,
    "side": 5,
    "x_interval": 144.0,
    "y_interval": 96.0,
    "nr_fields": 6,
    "grid_matrix": [
        [
            {
                "centroid": [
                    72.0,
                    48.0
                ],
                "x_limits": [
                    0,
                    144
                ],
                "y_limits": [
                    0,
                    96
                ],
                "motion_vectors": [
                    [
                        -0.7078508598320119,
                        0.019751528530878415
                    ],
                    [
                        -0.4348931549930221,
                        -0.09523605350033951
                    ],
                    [
                        -0.816835953461963,
                        -0.0337494791861786
                    ],
                    [
                        -0.6138203300578339,
                        0.002914743742802442
                    ],
                    [
                        -0.8610627352196593,
                        0.021981445636366545
                    ],
                    [
                        -0.8433476635578887,
                        0.006468581216231128
                    ]
                ],
                "transition_matrix": [
                    [
                        0.3091983612632331,
                        0.2262296368924322,
                        0.1664200922307545,
                        0.12798289165591184,
                        0.10487963930891762,
                        0.06528937864875094
                    ],
                    [
                        0.3091881342801852,
                        0.22623641857358012,
                        0.16642440947020473,
                        0.12798122306096973,
                        0.10487711800034379,
                        0.06529269661471641
                    ],
                    [
                        0.3091860950289594,
                        0.2262365376949693,
                        0.1664264511403527,
                        0.1279802151987792,
                        0.10487668030403628,
                        0.06529402063290327
                    ],
                    [
                        0.3091849680149644,
                        0.22623670888980027,
                        0.16642674522699807,
                        0.1279800502927279,
                        0.10487670441327536,
                        0.06529482316223392
                    ],
                    [
                        0.3091853037841941,
                        0.22623714436641018,
                        0.16642692175237334,
                        0.12797922359186412,
                        0.10487630617259033,
                        0.06529510033256795
                    ],
                    [
                        0.3091855401443399,
                        0.22623853813277267,
                        0.16642750190953134,
                        0.12797796474305692,
                        0.10487501246676469,
                        0.06529544260353452
                    ]
                ],
                "motion_vectors_variance": [
                    1.1327818954892785,
                    1.1805140744461111,
                    1.1660848395915562,
                    1.1344841672167219,
                    1.1483061435542254,
                    1.1759702761239483
                ],
                "motion_vectors_priors": [
                    0.3375224416517056,
                    0.2244165170556553,
                    0.1867145421903052,
                    0.09515260323159784,
                    0.0807899461400359,
                    0.07540394973070018
                ],
                "init_position_prior": 0.047619047619047616
            },
            {
                "centroid": [
                    72.0,
                    144.0
                ],
                "x_limits": [
                    0,
                    144
                ],
                "y_limits": [
                    96,
                    192
                ],
                "motion_vectors": [
                    [
                        0.49343960553401134,
                        -0.09856864337012292
                    ],
                    [
                        -0.09004514784252829,
                        -0.03896795380547152
                    ],
                    [
                        0.24296727110134353,
                        0.8029285851779997
                    ],
                    [
                        1.5949912749503974,
                        -0.10794513892754068
                    ],
                    [
                        5.023448792620374,
                        -0.9213668988359196
                    ],
                    [
                        2.1927037836524135,
                        0.20477689174152122
                    ]
                ],
                "transition_matrix": [
                    [
                        0.30924580466932755,
                        0.226194638572969,
                        0.1663956513355368,
                        0.1279931570612151,
                        0.10489227928761463,
                        0.06527846907333697
                    ],
                    [
                        0.3092359335741516,
                        0.22620115651331543,
                        0.16639978098318417,
                        0.127991576396873,
                        0.10488985800868304,
                        0.06528169452379286
                    ],
                    [
                        0.3092340837851939,
                        0.22620113553746676,
                        0.16640171737156,
                        0.12799061817623775,
                        0.10488947594458155,
                        0.06528296918496009
                    ],
                    [
                        0.3092330484478822,
                        0.22620123834871175,
                        0.16640196234564358,
                        0.1279904767955291,
                        0.10488952653657571,
                        0.06528374752565791
                    ],
                    [
                        0.3092334302309174,
                        0.22620164203398502,
                        0.16640211511801148,
                        0.12798966089473143,
                        0.10488913988919743,
                        0.06528401183315724
                    ],
                    [
                        0.30923372238121244,
                        0.2262029947984369,
                        0.16640266503028642,
                        0.12798841696215887,
                        0.10488786290873862,
                        0.06528433791916687
                    ]
                ],
                "motion_vectors_variance": [
                    6.918015564321081,
                    39.484007190636895,
                    2.0808203619516936,
                    4.022974315058573,
                    3.4346372662230964,
                    4.59642424749448
                ],
                "motion_vectors_priors": [
                    0.20535714285714285,
                    0.19285714285714287,
                    0.17142857142857143,
                    0.17142857142857143,
                    0.14464285714285716,
                    0.11428571428571428
                ],
                "init_position_prior": 0.09523809523809523
            },
            {
                "centroid": [
                    72.0,
                    240.0
                ],
                "x_limits": [
                    0,
                    144
                ],
                "y_limits": [
                    192,
                    288
                ],
                "motion_vectors": [
                    [
                        -0.9958790362745562,
                        -1.115122966497435
                    ],
                    [
                        0.14167579653110013,
                        -3.2458048510696944
                    ],
                    [
                        -0.4527158052348547,
                        -0.5646590455289233
                    ],
                    [
                        -1.4660353527407621,
                        -0.13490069679646985
                    ],
                    [
                        0.30919274044445455,
                        -0.32155089999244346
                    ],
                    [
                        -0.09417156304260901,
                        -0.60195034027242
                    ]
                ],
                "transition_matrix": [
                    [
                        0.3092657320866378,
                        0.22617990161837656,
                        0.16638537742880544,
                        0.1279974962161419,
                        0.10489762003587476,
                        0.06527387261416363
                    ],
                    [
                        0.30925598961008477,
                        0.22618632379997375,
                        0.16638943902982758,
                        0.1279959480947976,
                        0.10489523549263277,
                        0.06527706397268351
                    ],
                    [
                        0.3092542069165931,
                        0.2261862530053347,
                        0.1663913375983466,
                        0.12799500810752037,
                        0.104894873610714,
                        0.06527832076149119
                    ],
                    [
                        0.30925320378610066,
                        0.2261863316479816,
                        0.1663915651842704,
                        0.1279948752798508,
                        0.10489493371324096,
                        0.06527909038855555
                    ],
                    [
                        0.3092536021106565,
                        0.22618672397727918,
                        0.16639170940717182,
                        0.1279940633369908,
                        0.10489455123304425,
                        0.0652793499348575
                    ],
                    [
                        0.30925391439254724,
                        0.22618806188449492,
                        0.16639224830957094,
                        0.12799282498116016,
                        0.10489328044738468,
                        0.06527966998484211
                    ]
                ],
                "motion_vectors_variance": [
                    2.010530094032078,
                    4.279344504183043,
                    2.3709853588162497,
                    2.65244314471011,
                    3.418080078359862,
                    2.2956710188568796
                ],
                "motion_vectors_priors": [
                    0.3769968051118211,
                    0.19169329073482427,
                    0.1501597444089457,
                    0.134185303514377,
                    0.1182108626198083,
                    0.02875399361022364
                ],
                "init_position_prior": 0.023809523809523808
            },
            {
                "centroid": [
                    72.0,
                    336.0
                ],
                "x_limits": [
                    0,
                    144
                ],
                "y_limits": [
                    288,
                    384
                ],
                "motion_vectors": [
                    [
                        -0.3280606542723477,
                        -0.08978887842919342
                    ],
                    [
                        -1.3028182440756673,
                        0.0019056334286522434
                    ],
                    [
                        -0.17845971888833165,
                        -0.22700469588806088
                    ],
                    [
                        -0.00014024569629485323,
                        0.022860077576762207
                    ],
                    [
                        -0.38501546703027983,
                        -0.746910550792273
                    ],
                    [
                        -0.23451918350420065,
                        -0.6797412107957429
                    ]
                ],
                "transition_matrix": [
                    [
                        0.3092452169092039,
                        0.2261949832001518,
                        0.16639592492709726,
                        0.12799312363498266,
                        0.10489220975326895,
                        0.06527854157529543
                    ],
                    [
                        0.3092355661275502,
                        0.22620133746818177,
                        0.16639994065160624,
                        0.12799159109533,
                        0.10488984775942303,
                        0.06528171689790861
                    ],
                    [
                        0.3092338388917974,
                        0.22620122560492562,
                        0.16640181410628832,
                        0.12799065933270712,
                        0.10488949852501492,
                        0.06528296353926673
                    ],
                    [
                        0.30923286359186297,
                        0.2262012840502281,
                        0.1664020281025658,
                        0.1279905309743559,
                        0.1048895651867946,
                        0.06528372809419264
                    ],
                    [
                        0.3092332733662417,
                        0.22620166711986686,
                        0.16640216647167785,
                        0.12798972108990025,
                        0.1048891859928577,
                        0.0652839859594557
                    ],
                    [
                        0.3092336000467206,
                        0.2262029943855346,
                        0.1664026985900762,
                        0.12798848466280544,
                        0.10488791825032637,
                        0.06528430406453686
                    ]
                ],
                "motion_vectors_variance": [
                    0.497532240011337,
                    14.327771437471295,
                    0.6467725899318272,
                    1.5515717500006454,
                    0.9545784455542328,
                    0.7405340903173897
                ],
                "motion_vectors_priors": [
                    0.22916666666666666,
                    0.20833333333333334,
                    0.20833333333333334,
                    0.1875,
                    0.14583333333333334,
                    0.020833333333333332
                ],
                "init_position_prior": 0.023809523809523808
            },
            {
                "centroid": [
                    72.0,
                    432.0
                ],
                "x_limits": [
                    0,
                    144
                ],
                "y_limits": [
                    384,
                    480
                ],
                "motion_vectors": [
                    [
                        -0.5345142401529487,
                        -0.5308149926171074
                    ],
                    [
                        0.14037273877333792,
                        -0.3062071584284329
                    ],
                    [
                        -0.1434413089433072,
                        -0.0065339857301187285
                    ],
                    [
                        -0.994978611487264,
                        -0.3188997213928639
                    ],
                    [
                        1.5197693921614406,
                        -0.2892129758248543
                    ],
                    [
                        0.5404096516583559,
                        0.18061256989918634
                    ]
                ],
                "transition_matrix": [
                    [
                        0.30919706273813646,
                        0.22623040511286216,
                        0.16642069881990462,
                        0.12798281114870186,
                        0.10487947935392762,
                        0.0652895428264673
                    ],
                    [
                        0.3091873253011921,
                        0.22623682285052946,
                        0.16642476275909204,
                        0.12798124952977843,
                        0.10487708980754375,
                        0.06529274975186417
                    ],
                    [
                        0.30918555859028063,
                        0.22623673970294725,
                        0.16642666461518021,
                        0.12798030040588873,
                        0.10487672512302092,
                        0.06529401156268216
                    ],
                    [
                        0.3091845649232417,
                        0.22623681235266324,
                        0.16642688987728574,
                        0.12798016442337865,
                        0.10487678493743202,
                        0.0652947834859987
                    ],
                    [
                        0.30918496311358096,
                        0.22623720190417398,
                        0.16642703429615266,
                        0.12797935110605882,
                        0.10487640329381145,
                        0.06529504628622207
                    ],
                    [
                        0.3091852766165371,
                        0.2262385387464076,
                        0.16642757470483,
                        0.12797810902014095,
                        0.10487513020581456,
                        0.06529537070626988
                    ]
                ],
                "motion_vectors_variance": [
                    1.5547727407973704,
                    4.987307825237146,
                    6.6463124460045115,
                    0.8718021384022235,
                    1.2348732755119929,
                    2.7378111581373616
                ],
                "motion_vectors_priors": [
                    0.23939393939393938,
                    0.19696969696969696,
                    0.15757575757575756,
                    0.15757575757575756,
                    0.15151515151515152,
                    0.09696969696969697
                ],
                "init_position_prior": 0.047619047619047616
            }
        ],
        [
            {
                "centroid": [
                    216.0,
                    48.0
                ],
                "x_limits": [
                    144,
                    288
                ],
                "y_limits": [
                    0,
                    96
                ],
                "motion_vectors": [
                    [
                        -0.4317332580452349,
                        -0.5718273736277781
                    ],
                    [
                        0.14640669750258054,
                        -1.087278994761397
                    ],
                    [
                        -2.358353765948369,
                        -0.6939746208368797
                    ],
                    [
                        0.6775818807073255,
                        -0.7183469733985448
                    ],
                    [
                        0.037442948659984474,
                        -0.28332189742913116
                    ],
                    [
                        -0.013344540697583424,
                        -0.8541117912420246
                    ]
                ],
                "transition_matrix": [
                    [
                        0.3085099357189121,
                        0.2267367588126349,
                        0.16677450931832133,
                        0.12783468634816286,
                        0.10469693170001934,
                        0.06544717810194955
                    ],
                    [
                        0.3084973143197376,
                        0.22674531076173232,
                        0.1667801140994907,
                        0.12783234756485837,
                        0.10469370238890575,
                        0.06545121086527528
                    ],
                    [
                        0.3084940893199485,
                        0.2267463035022498,
                        0.16678288132110067,
                        0.12783095618549462,
                        0.10469287559560231,
                        0.06545289407560403
                    ],
                    [
                        0.3084924000743009,
                        0.22674690016758606,
                        0.16678349134674744,
                        0.1278306166526792,
                        0.10469272077281182,
                        0.06545387098587466
                    ],
                    [
                        0.3084924263460504,
                        0.2267475345583312,
                        0.1667838284545268,
                        0.1278297097233317,
                        0.10469224891356818,
                        0.0654542520041916
                    ],
                    [
                        0.3084922936429445,
                        0.2267491992311838,
                        0.16678462042016523,
                        0.12782833022272294,
                        0.1046908298688283,
                        0.0654547266141551
                    ]
                ],
                "motion_vectors_variance": [
                    2.6617284994944312,
                    0.63072664847184,
                    1.0772576947029264,
                    1.7888253344985166,
                    26.625351552423044,
                    4.604808377466418
                ],
                "motion_vectors_priors": [
                    0.31683168316831684,
                    0.20594059405940593,
                    0.15841584158415842,
                    0.11683168316831684,
                    0.100990099009901,
                    0.100990099009901
                ],
                "init_position_prior": 0.09523809523809523
            },
            {
                "centroid": [
                    216.0,
                    144.0
                ],
                "x_limits": [
                    144,
                    288
                ],
                "y_limits": [
                    96,
                    192
                ],
                "motion_vectors": [
                    [
                        -1.0490773821446013,
                        0.11876999162940721
                    ],
                    [
                        -0.9126487934921323,
                        0.28153354345878123
                    ],
                    [
                        -1.2887508948240245,
                        0.13169781852107765
                    ],
                    [
                        -1.5159992971428164,
                        0.039727182129556116
                    ],
                    [
                        -1.024654528769775,
                        0.06328465270285782
                    ],
                    [
                        -0.4793602084575922,
                        0.04602736724061969
                    ]
                ],
                "transition_matrix": [
                    [
                        0.30854004753375713,
                        0.22671475192826082,
                        0.1667589954499958,
                        0.12784117923217858,
                        0.10470482572087458,
                        0.06544020013493308
                    ],
                    [
                        0.3085278014128117,
                        0.22672302716469575,
                        0.16676440420783398,
                        0.12783892850535294,
                        0.10470169918726241,
                        0.06544413952204325
                    ],
                    [
                        0.30852477530510125,
                        0.2267238735287361,
                        0.16676706402019542,
                        0.12783758562882416,
                        0.10470092834983531,
                        0.06544577316730772
                    ],
                    [
                        0.3085231821073336,
                        0.22672439911310918,
                        0.1667676233662692,
                        0.12783726919115873,
                        0.10470080026615187,
                        0.06544672595597736
                    ],
                    [
                        0.308523255602635,
                        0.22672500015268363,
                        0.16676793611277327,
                        0.12783637300545284,
                        0.10470034049222403,
                        0.06544709463423128
                    ],
                    [
                        0.3085231808943377,
                        0.2267266222647117,
                        0.1667686972365343,
                        0.12783500785755247,
                        0.10469893801332904,
                        0.06544755373353468
                    ]
                ],
                "motion_vectors_variance": [
                    1.1768667408057072,
                    2.297561118445921,
                    1.444836287643586,
                    1.40864448333288,
                    1.3494531188961125,
                    0.9358834408985865
                ],
                "motion_vectors_priors": [
                    0.42857142857142855,
                    0.24338624338624337,
                    0.08994708994708994,
                    0.08465608465608465,
                    0.08465608465608465,
                    0.06878306878306878
                ],
                "init_position_prior": 0.0
            },
            {
                "centroid": [
                    216.0,
                    240.0
                ],
                "x_limits": [
                    144,
                    288
                ],
                "y_limits": [
                    192,
                    288
                ],
                "motion_vectors": [
                    [
                        -0.32542291487681824,
                        -1.801468028342103
                    ],
                    [
                        -0.026731418550995766,
                        0.053643397501757985
                    ],
                    [
                        -0.42731969601348124,
                        -0.7083694549941364
                    ],
                    [
                        1.3338951199094833,
                        -0.25987878024555217
                    ],
                    [
                        0.597806610194617,
                        0.98460972001051
                    ],
                    [
                        -0.12466053296874191,
                        1.0431824116441315
                    ]
                ],
                "transition_matrix": [
                    [
                        0.3085525859038499,
                        0.22670556452711665,
                        0.16675252643457628,
                        0.12784391164474593,
                        0.10470813747643376,
                        0.06543727401327758
                    ],
                    [
                        0.30854052906960483,
                        0.2267136998706334,
                        0.16675783643003192,
                        0.12784170486009466,
                        0.10470506268290287,
                        0.06544116708673245
                    ],
                    [
                        0.3085376042779972,
                        0.22671447150482077,
                        0.16676044204692386,
                        0.1278403861769778,
                        0.10470432012359616,
                        0.06544277586968415
                    ],
                    [
                        0.3085360601026339,
                        0.22671496081494769,
                        0.16676097561651282,
                        0.1278400813334049,
                        0.10470420560427861,
                        0.06544371652822217
                    ],
                    [
                        0.30853615757369013,
                        0.22671554480540893,
                        0.1667612760004693,
                        0.1278391905476632,
                        0.10470375200807282,
                        0.06544407906469557
                    ],
                    [
                        0.308536112396475,
                        0.22671714522457032,
                        0.16676202150162492,
                        0.1278378325625948,
                        0.10470235787466438,
                        0.0654445304400706
                    ]
                ],
                "motion_vectors_variance": [
                    2.574386266542768,
                    43.28633789502084,
                    7.30412110028434,
                    7.569792701823166,
                    2.278374370137114,
                    3.333728650922203
                ],
                "motion_vectors_priors": [
                    0.41386554621848737,
                    0.23739495798319327,
                    0.14915966386554622,
                    0.08403361344537816,
                    0.06512605042016807,
                    0.05042016806722689
                ],
                "init_position_prior": 0.0
            },
            {
                "centroid": [
                    216.0,
                    336.0
                ],
                "x_limits": [
                    144,
                    288
                ],
                "y_limits": [
                    288,
                    384
                ],
                "motion_vectors": [
                    [
                        0.07337407514285668,
                        -1.0986527902132786
                    ],
                    [
                        0.0688996697655827,
                        -0.20175284472729704
                    ],
                    [
                        0.18103006936959384,
                        -0.3057894508630219
                    ],
                    [
                        -0.7479478417324535,
                        -0.6988119696792093
                    ],
                    [
                        0.0813295123585902,
                        -0.2452387555174426
                    ],
                    [
                        -0.2712142515327038,
                        -0.42382168624525207
                    ]
                ],
                "transition_matrix": [
                    [
                        0.30853899967825044,
                        0.22671541585713592,
                        0.16675949980940555,
                        0.12784106675958,
                        0.10470465301725579,
                        0.0654403648783722
                    ],
                    [
                        0.30852717452708356,
                        0.22672337965575168,
                        0.16676469114954806,
                        0.12783890746576484,
                        0.10470163892019554,
                        0.06544420828165634
                    ],
                    [
                        0.3085243801078284,
                        0.22672405480291694,
                        0.16676723194069093,
                        0.12783761447769126,
                        0.10470092977913378,
                        0.06544578889173848
                    ],
                    [
                        0.30852290002654525,
                        0.22672449702051678,
                        0.16676773295565706,
                        0.12783732249361698,
                        0.10470083180581381,
                        0.06544671569784996
                    ],
                    [
                        0.308523026497622,
                        0.22672505912384266,
                        0.16676801844286923,
                        0.127836437677884,
                        0.10470038607313945,
                        0.06544707218464266
                    ],
                    [
                        0.308523017365131,
                        0.22672663294616344,
                        0.16676874578582077,
                        0.12783508672569224,
                        0.10469900103448841,
                        0.06544751614270415
                    ]
                ],
                "motion_vectors_variance": [
                    4.047856018238354,
                    26.819126595188145,
                    1.8355588754031562,
                    2.784239800880698,
                    9.801832730334228,
                    1.9073573613336532
                ],
                "motion_vectors_priors": [
                    0.43243243243243246,
                    0.17027027027027028,
                    0.15675675675675677,
                    0.1,
                    0.0918918918918919,
                    0.04864864864864865
                ],
                "init_position_prior": 0.0
            },
            {
                "centroid": [
                    216.0,
                    432.0
                ],
                "x_limits": [
                    144,
                    288
                ],
                "y_limits": [
                    384,
                    480
                ],
                "motion_vectors": [
                    [
                        0.8370061063648723,
                        0.23790604003308244
                    ],
                    [
                        0.047324004386910604,
                        0.1316818285472796
                    ],
                    [
                        -1.3965996841039323,
                        0.07610499941892898
                    ],
                    [
                        1.3476478683156163,
                        0.20131101267094212
                    ],
                    [
                        0.06102415235632341,
                        0.1869416900457786
                    ],
                    [
                        -0.07559368928243157,
                        0.3733554158491135
                    ]
                ],
                "transition_matrix": [
                    [
                        0.30850796037126,
                        0.22673798418225477,
                        0.16677545117745204,
                        0.12783450277318692,
                        0.10469663203948083,
                        0.06544746945636531
                    ],
                    [
                        0.30849612205862603,
                        0.22674595601661404,
                        0.16678065142765047,
                        0.12783233429430046,
                        0.10469361236936016,
                        0.0654513238334488
                    ],
                    [
                        0.3084933243516196,
                        0.22674663257862862,
                        0.1667831991774583,
                        0.12783103499953266,
                        0.1046928996072565,
                        0.06545290928550442
                    ],
                    [
                        0.30849184286444575,
                        0.2267470759588285,
                        0.16678370204555826,
                        0.12783074043817735,
                        0.10469280021056733,
                        0.06545383848242281
                    ],
                    [
                        0.3084919671491788,
                        0.2267476382441967,
                        0.16678398871547784,
                        0.12782985456415502,
                        0.10469235438179757,
                        0.06545419694519408
                    ],
                    [
                        0.30849195634049587,
                        0.22674921305923904,
                        0.16678471787866203,
                        0.1278285014908249,
                        0.1046909678275514,
                        0.0654546434032266
                    ]
                ],
                "motion_vectors_variance": [
                    0.8120594469911228,
                    81.71112498616817,
                    0.6366934155494972,
                    0.7516188090921966,
                    1.39343245288322,
                    0.9823897173323066
                ],
                "motion_vectors_priors": [
                    0.27052489905787347,
                    0.20995962314939434,
                    0.17362045760430686,
                    0.14939434724091522,
                    0.1480484522207268,
                    0.04845222072678331
                ],
                "init_position_prior": 0.0
            }
        ],
        [
            {
                "centroid": [
                    360.0,
                    48.0
                ],
                "x_limits": [
                    288,
                    432
                ],
                "y_limits": [
                    0,
                    96
                ],
                "motion_vectors": [
                    [
                        -0.21501179427022016,
                        -0.03624506631179222
                    ],
                    [
                        0.13250783967782853,
                        -0.13032275067557758
                    ],
                    [
                        0.1851705849096321,
                        -0.05310515660992332
                    ],
                    [
                        0.38748889081338195,
                        -0.23681362247231733
                    ],
                    [
                        -0.04220950867350309,
                        -0.09657851463330383
                    ],
                    [
                        -0.7445574524141929,
                        -0.7998905052053638
                    ]
                ],
                "transition_matrix": [
                    [
                        0.30728720386791514,
                        0.22763337419948937,
                        0.16740385113847936,
                        0.12757240109223653,
                        0.10437515761450233,
                        0.06572801208737737
                    ],
                    [
                        0.30727051686318757,
                        0.22764491635166645,
                        0.16741164604191902,
                        0.1275689157721452,
                        0.10437073134091798,
                        0.06573327363016385
                    ],
                    [
                        0.30726528318716834,
                        0.22764737980882566,
                        0.1674156511578579,
                        0.12756686633092917,
                        0.10436924554574838,
