{
    "width": 720.0,
    "height": 480.0,
    "nr_nodes": 25,
    "side": 5,
    "x_interval": 144.0,
    "y_interval": 96.0,
    "nr_fields": 6,
    "grid_matrix": [
        [
            {
                "centroid": [
                    72.0,
                    48.0
                ],
                "x_limits": [
                    0,
                    144
                ],
                "y_limits": [
                    0,
                    96
                ],
                "motion_vectors": [
                    [
                        -0.6319110778839234,
                        -0.001387880015760734
                    ],
                    [
                        -0.719179565113051,
                        0.03575207256758761
                    ],
                    [
                        -1.0764981368051199,
                        0.06018745569629408
                    ],
                    [
                        -0.9709636042281353,
                        0.03943141521514845
                    ],
                    [
                        -0.5143158646719429,
                        0.021847567961308573
                    ],
                    [
                        -0.8739424542387908,
                        0.051147887085178104
                    ]
                ],
                "transition_matrix": [
                    [
                        0.3101941812019938,
                        0.2278369798709361,
                        0.16736503315858248,
                        0.13001470168027052,
                        0.10072896002054883,
                        0.06386014406766823
                    ],
                    [
                        0.31018299896384277,
                        0.22784347748414005,
                        0.1673684168090469,
                        0.13001271536878423,
                        0.10072745247988815,
                        0.06386493889429795
                    ],
                    [
                        0.3101806014223302,
                        0.2278434435788468,
                        0.16737011355999198,
                        0.1300117503393723,
                        0.10072726961844443,
                        0.06386682148101402
                    ],
                    [
                        0.3101794591877922,
                        0.227843696330193,
                        0.16737036323314658,
                        0.13001150269084968,
                        0.10072730504782405,
                        0.0638676735101945
                    ],
                    [
                        0.3101795828320565,
                        0.22784441090736438,
                        0.16737047405138678,
                        0.1300102878001205,
                        0.10072695187028419,
                        0.0638682925387876
                    ],
                    [
                        0.31017955352326143,
                        0.22784551552610163,
                        0.1673708302059696,
                        0.13000921264586748,
                        0.10072604763733606,
                        0.06386884046146388
                    ]
                ],
                "motion_vectors_variance": [
                    1.302462426923808,
                    1.1343587409888174,
                    1.141172535580559,
                    1.1356345097728708,
                    1.1372673562016193,
                    1.132223454965881
                ],
                "motion_vectors_priors": [
                    0.3375224416517056,
                    0.2244165170556553,
                    0.1867145421903052,
                    0.09515260323159784,
                    0.08258527827648116,
                    0.07360861759425494
                ],
                "init_position_prior": 0.047619047619047616
            },
            {
                "centroid": [
                    72.0,
                    144.0
                ],
                "x_limits": [
                    0,
                    144
                ],
                "y_limits": [
                    96,
                    192
                ],
                "motion_vectors": [
                    [
                        -2.4708532657091213,
                        2.0996901023985544
                    ],
                    [
                        -0.1621105185218119,
                        -0.08618978167306922
                    ],
                    [
                        1.5798047237140174,
                        2.635339565634916
                    ],
                    [
                        1.8067487873597083,
                        3.4720550655473015
                    ],
                    [
                        0.1354038858899279,
                        1.305250045336825
                    ],
                    [
                        0.3689480824519441,
                        0.11819785507793745
                    ]
                ],
                "transition_matrix": [
                    [
                        0.3102452888327766,
                        0.22780237250453633,
                        0.16734527375234307,
                        0.130026572896096,
                        0.10073864846356442,
                        0.06384184355068365
                    ],
                    [
                        0.3102344876870414,
                        0.22780861397181568,
                        0.16734850957381797,
                        0.13002468632374112,
                        0.10073721462380367,
                        0.06384648781978025
                    ],
                    [
                        0.3102322976818388,
                        0.22780844120812585,
                        0.16735012112938896,
                        0.13002377814584065,
                        0.1007370741470817,
                        0.06384828768772395
                    ],
                    [
                        0.31023125205316093,
                        0.22780862835783608,
                        0.16735033246794223,
                        0.1300235568235014,
                        0.1007371291331079,
                        0.06384910116445143
                    ],
                    [
                        0.31023143737610087,
                        0.22780930373695013,
                        0.16735041982876508,
                        0.13002235821150349,
                        0.10073678629861484,
                        0.06384969454806565
                    ],
                    [
                        0.310231462445081,
                        0.22781037292129885,
                        0.16735075447444955,
                        0.130021297598259,
                        0.10073589301371645,
                        0.06385021954719533
                    ]
                ],
                "motion_vectors_variance": [
                    3.251928053081057,
                    29.70657567875843,
                    1.9212375704074889,
                    1.9876596400538369,
                    3.547752419769808,
                    13.947977296356298
                ],
                "motion_vectors_priors": [
                    0.20535714285714285,
                    0.19285714285714287,
                    0.1732142857142857,
                    0.17142857142857143,
                    0.14285714285714285,
                    0.11428571428571428
                ],
                "init_position_prior": 0.09523809523809523
            },
            {
                "centroid": [
                    72.0,
                    240.0
                ],
                "x_limits": [
                    0,
                    144
                ],
                "y_limits": [
                    192,
                    288
                ],
                "motion_vectors": [
                    [
                        -1.6480330200542497,
                        -1.1527533469053313
                    ],
                    [
                        -0.8319264164643909,
                        -0.9864856496515264
                    ],
                    [
                        0.26123540065807627,
                        -3.6735560241574916
                    ],
                    [
                        -0.9246701608416905,
                        -2.2359754670780223
                    ],
                    [
                        -0.5331904005103658,
                        -1.5446728806597774
                    ],
                    [
                        -0.2335046179358988,
                        -0.6634757015216176
                    ]
                ],
                "transition_matrix": [
                    [
                        0.310266762977908,
                        0.22778780334159826,
                        0.1673369723444216,
                        0.13003158988000624,
                        0.10074273912854216,
                        0.06383413232752376
                    ],
                    [
                        0.3102560998547975,
                        0.22779395185662207,
                        0.16734015465280133,
                        0.13002974020677202,
                        0.10074133223642509,
                        0.06383872119258185
                    ],
                    [
                        0.31025398342849386,
                        0.22779372982438675,
                        0.16734173568200528,
                        0.13002885283694895,
                        0.10074120707908801,
                        0.06384049114907704
                    ],
                    [
                        0.3102529718272546,
                        0.22779389377705891,
                        0.167341933459248,
                        0.13002864108800338,
                        0.10074126908153049,
                        0.06384129076690466
                    ],
                    [
                        0.3102531793860231,
                        0.22779455511571678,
                        0.16734201238821136,
                        0.13002744849278727,
                        0.10074092993040479,
                        0.06384187468685684
                    ],
                    [
                        0.3102532241563771,
                        0.22779561148915736,
                        0.16734233921588043,
                        0.13002639328139845,
                        0.10074004067909256,
                        0.06384239117809412
                    ]
                ],
                "motion_vectors_variance": [
                    3.257542457962929,
                    3.1437118929978665,
                    2.7459582577238146,
                    2.634467982923699,
                    1.87465656230259,
                    2.249066232057042
                ],
                "motion_vectors_priors": [
                    0.3738019169329074,
                    0.19488817891373802,
                    0.1501597444089457,
                    0.134185303514377,
                    0.1182108626198083,
                    0.02875399361022364
                ],
                "init_position_prior": 0.023809523809523808
            },
            {
                "centroid": [
                    72.0,
                    336.0
                ],
                "x_limits": [
                    0,
                    144
                ],
                "y_limits": [
                    288,
                    384
                ],
                "motion_vectors": [
                    [
                        -0.12883929876754538,
                        -0.4824691067461498
                    ],
                    [
                        -0.11252493525421045,
                        -0.2600226423835852
                    ],
                    [
                        -0.14148248621198928,
                        0.43143120005857394
                    ],
                    [
                        -0.02033767318506724,
                        0.2879795345133571
                    ],
                    [
                        -0.015515779276811694,
                        -1.713521896742496
                    ],
                    [
                        0.03989884287113196,
                        -0.7817343136188222
                    ]
                ],
                "transition_matrix": [
                    [
                        0.31024468253539944,
                        0.2278027207952787,
                        0.16734550815429913,
                        0.130026531390694,
                        0.10073858550013005,
                        0.06384197162419887
                    ],
                    [
                        0.3102341152626621,
                        0.22780880271537426,
                        0.16734865322960504,
                        0.1300246996442628,
                        0.10073719661559749,
                        0.06384653253249825
                    ],
                    [
                        0.3102320583760851,
                        0.22780853933572764,
                        0.16735021351165066,
                        0.13002382235328352,
                        0.10073708151358571,
                        0.06384828490966733
                    ],
                    [
                        0.3102310754702792,
                        0.22780868397400633,
                        0.1673504005771251,
                        0.13002361562007608,
                        0.10073714842928924,
                        0.06384907592922394
                    ],
                    [
                        0.31023129812165723,
                        0.22780933412129223,
                        0.16735047352015947,
                        0.13002242562923452,
                        0.10073681266434056,
                        0.06384965594331599
                    ],
                    [
                        0.3102313562683415,
                        0.22781038089032615,
                        0.1673507953854657,
                        0.13002137274166156,
                        0.10073592566401839,
                        0.06385016905018663
                    ]
                ],
                "motion_vectors_variance": [
                    1.1267902763597228,
                    0.5740759605313215,
                    0.7396428955338806,
                    1.9220948330698462,
                    1.1467779814087369,
                    0.9688691815814021
                ],
                "motion_vectors_priors": [
                    0.22916666666666666,
                    0.20833333333333334,
                    0.20833333333333334,
                    0.20833333333333334,
                    0.125,
                    0.020833333333333332
                ],
                "init_position_prior": 0.023809523809523808
            },
            {
                "centroid": [
                    72.0,
                    432.0
                ],
                "x_limits": [
                    0,
                    144
                ],
                "y_limits": [
                    384,
                    480
                ],
                "motion_vectors": [
                    [
                        -0.6964647524709601,
                        1.0833600047884753
                    ],
                    [
                        -0.09374421637597982,
                        -0.015544538643523773
                    ],
                    [
                        2.8131250481028887,
                        0.6887794499793332
                    ],
                    [
                        -0.5537930118412141,
                        -4.734627600546354
                    ],
                    [
                        -0.24010044674189882,
                        -2.763000967012751
                    ],
                    [
                        -0.5366118236359768,
                        -0.008378281752080122
                    ]
                ],
                "transition_matrix": [
                    [
                        0.31019284008970455,
                        0.2278377554717411,
                        0.16736555174190224,
                        0.13001460252782104,
                        0.10072881667400044,
                        0.06386043349483073
                    ],
                    [
                        0.31018217749028476,
                        0.22784389823934845,
                        0.1673687335833086,
                        0.1300127380922741,
                        0.10072740916908111,
                        0.063865043425703
                    ],
                    [
                        0.31018007588423735,
                        0.22784366271276213,
                        0.1673703164604239,
                        0.1300118416396465,
                        0.10072728273471386,
                        0.06386682056821631
                    ],
                    [
                        0.3101790729896657,
                        0.22784382103419187,
                        0.16737051219735788,
                        0.13001162639266792,
                        0.1007273446687095,
                        0.06386762271740702
                    ],
                    [
                        0.3101792799063674,
                        0.2278444793829254,
                        0.16737059085841244,
                        0.13001043069007107,
                        0.10072700723798898,
                        0.06386821192423489
                    ],
                    [
                        0.3101793245179445,
                        0.22784553394143142,
                        0.16737091845445617,
                        0.13000937280263922,
                        0.100726117032804,
                        0.06386873325072463
                    ]
                ],
                "motion_vectors_variance": [
                    0.6136842911112844,
                    13.92989852946857,
                    0.6886134199995407,
                    0.833294867894851,
                    0.5384334667415784,
                    4.969043285465852
                ],
                "motion_vectors_priors": [
                    0.2787878787878788,
                    0.21818181818181817,
                    0.18181818181818182,
                    0.15757575757575756,
                    0.1,
                    0.06363636363636363
                ],
                "init_position_prior": 0.047619047619047616
            }
        ],
        [
            {
                "centroid": [
                    216.0,
                    48.0
                ],
                "x_limits": [
                    144,
                    288
                ],
                "y_limits": [
                    0,
                    96
                ],
                "motion_vectors": [
                    [
                        -3.263706403222441,
                        -0.5738824796853735
                    ],
                    [
                        -1.0210004817675562,
                        -1.724212471670193
                    ],
                    [
                        -1.172295779311739,
                        1.0828557850158558
                    ],
                    [
                        -1.2236612243613403,
                        -1.6224002099037031
                    ],
                    [
                        -0.01678012710351261,
                        -1.5085786408470048
                    ],
                    [
                        0.2491544577835798,
                        -0.07423782710824359
                    ]
                ],
                "transition_matrix": [
                    [
                        0.3094528141569188,
                        0.22833849114697946,
                        0.16765166647649662,
                        0.12984329243976536,
                        0.10058883861703363,
                        0.06412489716280621
                    ],
                    [
                        0.3094390407504756,
                        0.22834670031233495,
                        0.1676560523380737,
                        0.1298405487002235,
                        0.10058682659473835,
                        0.06413083130415392
                    ],
                    [
                        0.30943533013596997,
                        0.22834752506626976,
                        0.16765833160224006,
                        0.12983915218109437,
                        0.10058635212570011,
                        0.06413330888872584
                    ],
                    [
                        0.30943358843359936,
                        0.22834818677756658,
                        0.16765882668726334,
                        0.12983870920693877,
                        0.1005862561449731,
                        0.06413443274965874
                    ],
                    [
                        0.3094332943259354,
                        0.22834914918383015,
                        0.1676590936683409,
                        0.12983736777372143,
                        0.10058584245350273,
                        0.06413525259466946
                    ],
                    [
                        0.3094328978889324,
                        0.22835048315097367,
                        0.16765959884320164,
                        0.1298361801861363,
                        0.10058485911219184,
                        0.06413598081856398
                    ]
                ],
                "motion_vectors_variance": [
                    2.6680589897693996,
                    1.7319085197535786,
                    1.2495995234587278,
                    1.4414156550918686,
                    2.6312820378420074,
                    0.7771398072651783
                ],
                "motion_vectors_priors": [
                    0.31683168316831684,
                    0.2079207920792079,
                    0.15643564356435644,
                    0.11683168316831684,
                    0.100990099009901,
                    0.100990099009901
                ],
                "init_position_prior": 0.09523809523809523
            },
            {
                "centroid": [
                    216.0,
                    144.0
                ],
                "x_limits": [
                    144,
                    288
                ],
                "y_limits": [
                    96,
                    192
                ],
                "motion_vectors": [
                    [
                        -1.4295617173865227,
                        0.17937531984567714
                    ],
                    [
                        -1.284073485837742,
                        0.22008849351253226
                    ],
                    [
                        -1.2191212054365472,
                        0.15203360243077318
                    ],
                    [
                        -1.4226658798222922,
                        0.05574433856352613
                    ],
                    [
                        -0.9754783728180851,
                        0.2230770461797833
                    ],
                    [
                        -0.8050624604987976,
                        0.03839883903369623
                    ]
                ],
                "transition_matrix": [
                    [
                        0.30948523358142616,
                        0.22831672046811274,
                        0.1676391135253392,
                        0.12985080029127138,
                        0.10059489268237731,
                        0.06411323945147318
                    ],
                    [
                        0.30947186074734545,
                        0.22832466041147412,
                        0.16764334416012766,
                        0.12984815663407073,
                        0.1005929571200326,
                        0.0641190209269495
                    ],
                    [
                        0.3094683670643773,
                        0.22832533984525935,
                        0.1676455363030702,
                        0.1298468159608858,
                        0.10059252547824589,
                        0.06412141534816158
                    ],
                    [
                        0.30946672624315114,
                        0.2283259333377813,
                        0.1676459917345069,
                        0.12984639886116586,
                        0.10059244930480714,
                        0.06412250051858769
                    ],
                    [
                        0.30946649539070414,
                        0.22832685466691482,
                        0.1676462344943189,
                        0.12984507335445652,
                        0.1005920466807491,
                        0.0641232954128566
                    ],
                    [
                        0.30946615512853093,
                        0.22832815158061845,
                        0.16764671762845484,
                        0.12984390001959886,
                        0.10059107434858132,
                        0.06412400129421546
                    ]
                ],
                "motion_vectors_variance": [
                    1.3040515645131983,
                    1.4988859571016881,
                    1.1661985243112696,
                    1.1474197509644493,
                    2.494138274245457,
                    2.3847615441701158
                ],
                "motion_vectors_priors": [
                    0.42857142857142855,
                    0.24338624338624337,
                    0.08994708994708994,
                    0.08465608465608465,
                    0.08465608465608465,
                    0.06878306878306878
                ],
                "init_position_prior": 0.0
            },
            {
                "centroid": [
                    216.0,
                    240.0
                ],
                "x_limits": [
                    144,
                    288
                ],
                "y_limits": [
                    192,
                    288
                ],
                "motion_vectors": [
                    [
                        -7.8384781840607305,
                        -0.09303998618681075
                    ],
                    [
                        -1.4905216021524563,
                        -0.1374372679967364
                    ],
                    [
                        -0.7075288164954032,
                        0.24446498888272622
                    ],
                    [
                        -1.9033125610998984,
                        1.2393399332464952
                    ],
                    [
                        -5.521917216251857,
                        -0.26915804456589254
                    ],
                    [
                        -1.8808919682995324,
                        0.5321389673638254
                    ]
                ],
                "transition_matrix": [
                    [
                        0.3094987404314737,
                        0.22830763414781027,
                        0.16763388325467568,
                        0.1298539588344427,
                        0.1005974294791738,
                        0.06410835385242387
                    ],
                    [
                        0.30948556945317024,
                        0.22831543791625566,
                        0.1676380355943237,
                        0.12985136514125858,
                        0.10059553257193435,
                        0.06411405932305728
                    ],
                    [
                        0.30948218616292694,
                        0.22831604312259873,
                        0.16764018376220458,
                        0.12985005238611227,
                        0.10059512260436634,
                        0.06411641196179117
                    ],
                    [
                        0.3094805967944168,
                        0.2283166018102475,
                        0.16764061901880928,
                        0.12984964827485476,
                        0.10059505648115247,
                        0.06411747762051918
                    ],
                    [
                        0.3094803980480519,
                        0.2283175021555026,
                        0.1676408494667055,
                        0.1298483307330658,
                        0.10059465955266578,
                        0.06411826004400861
                    ],
                    [
                        0.3094800863460284,
                        0.22831878014484838,
                        0.16764132142480834,
                        0.1298471645561236,
                        0.1005936927879943,
                        0.06411895474019706
                    ]
                ],
                "motion_vectors_variance": [
                    2.3739097130171203,
                    2.3851206448225875,
                    3.0681390717251884,
                    1.611861085652106,
                    3.743567005499793,
                    2.1151493904425887
                ],
                "motion_vectors_priors": [
                    0.41386554621848737,
                    0.23739495798319327,
                    0.14915966386554622,
                    0.08403361344537816,
                    0.06512605042016807,
                    0.05042016806722689
                ],
                "init_position_prior": 0.0
            },
            {
                "centroid": [
                    216.0,
                    336.0
                ],
                "x_limits": [
                    144,
                    288
                ],
                "y_limits": [
                    288,
                    384
                ],
                "motion_vectors": [
                    [
                        2.617396936001874,
                        -0.459627007450935
                    ],
                    [
                        1.3952607866496598,
                        -2.8573408786802856
                    ],
                    [
                        -3.3093226439643213,
                        0.11180185255160935
                    ],
                    [
                        -3.1408147586384185,
                        -0.8172348125497291
                    ],
                    [
                        -0.04210904064405671,
                        -1.3255066863328695
                    ],
                    [
                        -1.228990910745355,
                        0.20352260629073546
                    ]
                ],
                "transition_matrix": [
                    [
                        0.30948413926765167,
                        0.22831738505748184,
                        0.16763953675765797,
                        0.12985066715309834,
                        0.10059474879824937,
                        0.0641135229658607
                    ],
                    [
                        0.30947121329029686,
                        0.22832502132550575,
                        0.16764359409692314,
                        0.1298481276961223,
                        0.10059289847570453,
                        0.0641191451154475
                    ],
                    [
                        0.30946797110016155,
                        0.2283255301013571,
                        0.16764568926883197,
                        0.12984684522622295,
                        0.10059251451589082,
                        0.06412144978753566
                    ],
                    [
                        0.3094664484506418,
                        0.22832604367355272,
                        0.16764609896528562,
                        0.12984645553387045,
                        0.10059246071253239,
                        0.06412249266411707
                    ],
                    [
                        0.3094662882806205,
                        0.22832691730630617,
                        0.1676463144102909,
                        0.1298451463279675,
                        0.10059207142108775,
                        0.06412326225372718
                    ],
                    [
                        0.3094660108459841,
                        0.22832817174394504,
                        0.16764677325824312,
                        0.12984398760925486,
                        0.10059111096742002,
                        0.06412394557515294
                    ]
                ],
                "motion_vectors_variance": [
                    2.449139741994172,
                    2.247177110922238,
                    1.9223098931615414,
                    3.0317232658536355,
                    1.9045965156794598,
                    1.9923321457850165
                ],
                "motion_vectors_priors": [
                    0.43243243243243246,
                    0.17027027027027028,
                    0.15675675675675677,
                    0.1,
                    0.0918918918918919,
                    0.04864864864864865
                ],
                "init_position_prior": 0.0
            },
            {
                "centroid": [
                    216.0,
                    432.0
                ],
                "x_limits": [
                    144,
                    288
                ],
                "y_limits": [
                    384,
                    480
                ],
                "motion_vectors": [
                    [
                        5.858298713214137,
                        -0.047024633158602586
                    ],
                    [
                        0.21698053577736048,
                        0.1174045279177369
                    ],
                    [
                        1.3087163801119341,
                        0.07199864194978635
                    ],
                    [
                        0.2616009581215165,
                        -0.07113874739018719
                    ],
                    [
                        1.1404048726653997,
                        -0.08367407641080161
                    ],
                    [
                        -0.11475897555571796,
                        0.13475749236603624
                    ]
                ],
                "transition_matrix": [
                    [
                        0.30945075843931436,
                        0.22833972086948698,
                        0.1676524614105884,
                        0.1298430732893911,
                        0.10058858417532585,
                        0.06412540181589312
                    ],
                    [
                        0.3094378165196268,
                        0.22834736427273286,
                        0.1676565248028667,
                        0.12984052367442528,
                        0.10058673113634899,
                        0.06413103959399946
                    ],
                    [
                        0.3094345694776419,
                        0.22834787408990653,
                        0.1676586253941965,
                        0.12983923452872345,
                        0.10058634473170253,
                        0.06413335177782922
                    ],
                    [
                        0.30943304492368273,
                        0.22834838881146072,
                        0.16765903644315427,
                        0.12983884197359777,
                        0.10058628993595518,
                        0.06413439791214932
                    ],
                    [
                        0.3094328817449365,
                        0.2283492627985673,
                        0.167659252834649,
                        0.1298375307606687,
                        0.10058590098479157,
                        0.06413517087638695
                    ],
                    [
                        0.3094326021784454,
                        0.22835051768265183,
                        0.1676597128389367,
                        0.12983637040059,
                        0.10058493978079933,
                        0.06413585711857665
                    ]
                ],
                "motion_vectors_variance": [
                    0.6362524082772572,
                    98.14503063243437,
                    1.1903147884087586,
                    4.215335257934618,
                    0.737393256130948,
                    1.0529782680713817
                ],
                "motion_vectors_priors": [
                    0.27052489905787347,
                    0.20861372812920592,
                    0.17362045760430686,
                    0.15074024226110364,
                    0.1480484522207268,
                    0.04845222072678331
                ],
                "init_position_prior": 0.0
            }
        ],
        [
            {
                "centroid": [
                    360.0,
                    48.0
                ],
                "x_limits": [
                    288,
                    432
                ],
                "y_limits": [
                    0,
                    96
                ],
                "motion_vectors": [
                    [
                        -2.9197981011252145,
                        -1.6802169636004116
                    ],
                    [
                        -0.8829020308891288,
                        0.5286460512542321
                    ],
                    [
                        -0.25754454728307435,
                        -0.07221228894199008
                    ],
                    [
                        0.5220207992492556,
                        0.8674610392647935
                    ],
                    [
                        0.7195606180363537,
                        0.13885770855009896
                    ],
                    [
                        -0.6020174193051667,
                        -1.0016093286468848
                    ]
                ],
                "transition_matrix": [
                    [
                        0.30813653700317667,
                        0.22922538721073343,
                        0.16816090069737782,
                        0.12953994110675948,
                        0.1003419526789982,
                        0.06459528130295437
                    ],
                    [
                        0.3081183620925926,
                        0.2292364869865641,
                        0.16816699052486864,
                        0.12953590204532495,
                        0.10033908988613219,
                        0.06460316846451744
                    ],
                    [
                        0.3081124260395189,
                        0.2292387566413879,
                        0.16817026358862242,
                        0.12953376605575476,
                        0.10033812209049195,
                        0.06460666558422397
