{
    "width": 720.0,
    "height": 480.0,
    "nr_nodes": 16,
    "side": 4,
    "x_interval": 180.0,
    "y_interval": 120.0,
    "nr_fields": 4,
    "grid_matrix": [
        [
            {
                "centroid": [
                    90.0,
                    60.0
                ],
                "x_limits": [
                    0,
                    180
                ],
                "y_limits": [
                    0,
                    120
                ],
                "motion_vectors": [
                    [
                        -0.31739804908057234,
                        -0.038828489544890155
                    ],
                    [
                        0.14148442492809798,
                        -0.10808191366690459
                    ],
                    [
                        -0.3831438414728239,
                        0.03559977735770156
                    ],
                    [
                        -0.046936016564526506,
                        0.10825933558325462
                    ]
                ],
                "transition_matrix": [
                    [
                        0.3971492117314235,
                        0.2724520702210789,
                        0.19848881669067928,
                        0.13190990135681838
                    ],
                    [
                        0.39714519909008034,
                        0.27246706196999004,
                        0.19848715863944644,
                        0.13190058030048335
                    ],
                    [
                        0.39714679471620234,
                        0.2724691489129967,
                        0.19848639932216203,
                        0.131897657048639
                    ],
                    [
                        0.39714850927004436,
                        0.2724713822311379,
                        0.19848387428695524,
                        0.13189623421186245
                    ]
                ],
                "motion_vectors_variance": [
                    1.4153521874150372,
                    1.44957471690548,
                    1.3617035506945376,
                    1.3641508715875064
                ],
                "motion_vectors_priors": [
                    0.3810178817056396,
                    0.34112792297111416,
                    0.14580467675378267,
                    0.13204951856946354
                ],
                "init_position_prior": 0.07142857142857142
            },
            {
                "centroid": [
                    90.0,
                    180.0
                ],
                "x_limits": [
                    0,
                    180
                ],
                "y_limits": [
                    120,
                    240
                ],
                "motion_vectors": [
                    [
                        -0.43443268669371904,
                        -0.09493098742023934
                    ],
                    [
                        0.8081668841305918,
                        0.10735586641244424
                    ],
                    [
                        -0.7987564535110224,
                        0.38353450275625856
                    ],
                    [
                        0.38848150934425496,
                        -0.019410684747420137
                    ]
                ],
                "transition_matrix": [
                    [
                        0.39714260404011636,
                        0.2724418355029989,
                        0.19848780865946006,
                        0.1319277517974246
                    ],
                    [
                        0.3971385587426349,
                        0.27245675545921655,
                        0.19848614647421195,
                        0.13191853932393666
                    ],
                    [
                        0.39714013859365543,
                        0.2724588129725893,
                        0.19848538581922,
                        0.13191566261453522
                    ],
                    [
                        0.39714184230000793,
                        0.2724610265595572,
                        0.1984828609042449,
                        0.13191427023619007
                    ]
                ],
                "motion_vectors_variance": [
                    2.061693576641027,
                    1.8442045147164616,
                    2.122652654568402,
                    2.2232589511332717
                ],
                "motion_vectors_priors": [
                    0.26005361930294907,
                    0.2520107238605898,
                    0.2453083109919571,
                    0.24262734584450402
                ],
                "init_position_prior": 0.07142857142857142
            },
            {
                "centroid": [
                    90.0,
                    300.0
                ],
                "x_limits": [
                    0,
                    180
                ],
                "y_limits": [
                    240,
                    360
                ],
                "motion_vectors": [
                    [
                        -1.1596915348756376,
                        -1.5775410615499028
                    ],
                    [
                        -1.3113912532468261,
                        -1.396112078851885
                    ],
                    [
                        -1.7591534645663789,
                        0.12582461274726497
                    ],
                    [
                        -0.04048179293188938,
                        -1.4371002264454555
                    ]
                ],
                "transition_matrix": [
                    [
                        0.3971426127645947,
                        0.27244184951757733,
                        0.19848780993910742,
                        0.13192772777872053
                    ],
                    [
                        0.397138562913062,
                        0.2724567617726704,
                        0.1984861471050248,
                        0.13191852820924282
                    ],
                    [
                        0.3971401407820634,
                        0.27245881628664725,
                        0.1984853861597336,
                        0.13191565677155562
                    ],
                    [
                        0.397141843246158,
                        0.2724610279936091,
                        0.19848286106258498,
                        0.13191426769764789
                    ]
                ],
                "motion_vectors_variance": [
                    3.8259365557200176,
                    3.5008553131376754,
                    4.881601356041586,
                    12.289562681517578
                ],
                "motion_vectors_priors": [
                    0.5158730158730159,
                    0.23809523809523808,
                    0.15079365079365079,
                    0.09523809523809523
                ],
                "init_position_prior": 0.023809523809523808
            },
            {
                "centroid": [
                    90.0,
                    420.0
                ],
                "x_limits": [
                    0,
                    180
                ],
                "y_limits": [
                    360,
                    480
                ],
                "motion_vectors": [
                    [
                        -0.42887088194993495,
                        -1.790221395168042
                    ],
                    [
                        -0.09723282719284998,
                        0.03754460896869648
                    ],
                    [
                        0.2525876245733895,
                        -1.2898551811559993
                    ],
                    [
                        -0.48611309804379044,
                        -0.1676097685066068
                    ]
                ],
                "transition_matrix": [
                    [
                        0.3971492789933368,
                        0.2724521660425051,
                        0.198488827963453,
                        0.13190972700070516
                    ],
                    [
                        0.39714523005848446,
                        0.27246710932704243,
                        0.19848716381293977,
                        0.1319004968015332
                    ],
                    [
                        0.3971468115398279,
                        0.27246917337946586,
                        0.19848640219080793,
                        0.13189761288989826
                    ],
                    [
                        0.3971485170327006,
                        0.2724713920874834,
                        0.19848387567214726,
                        0.13189621520766867
                    ]
                ],
                "motion_vectors_variance": [
                    1.7696399116558692,
                    1.5753553608405535,
                    0.8221919269129984,
                    1.8500128259874222
                ],
                "motion_vectors_priors": [
                    0.3201058201058201,
                    0.2804232804232804,
                    0.23809523809523808,
                    0.16137566137566137
                ],
                "init_position_prior": 0.07142857142857142
            }
        ],
        [
            {
                "centroid": [
                    270.0,
                    60.0
                ],
                "x_limits": [
                    180,
                    360
                ],
                "y_limits": [
                    0,
                    120
                ],
                "motion_vectors": [
                    [
                        -0.5419548875577068,
                        1.2741266995603722
                    ],
                    [
                        -0.09851583774529687,
                        0.7179861830406662
                    ],
                    [
                        -1.4480414449786687,
                        -0.09010132033577822
                    ],
                    [
                        -1.4720042949470473,
                        -0.13141014315310842
                    ]
                ],
                "transition_matrix": [
                    [
                        0.3972670391832379,
                        0.2726344766282592,
                        0.1985068030589322,
                        0.13159168112957065
                    ],
                    [
                        0.3972633258639566,
                        0.2726504087780506,
                        0.19850516837027102,
                        0.13158109698772164
                    ],
                    [
                        0.39726509746029215,
                        0.2726528445474633,
                        0.19850441502496433,
                        0.13157764296728044
                    ],
                    [
                        0.39726693723691836,
                        0.27265531650353036,
                        0.19850187629117197,
                        0.13157586996837922
                    ]
                ],
                "motion_vectors_variance": [
                    1.522319159209689,
                    0.7631366707943903,
                    1.115252242507873,
                    9.619261491838035
                ],
                "motion_vectors_priors": [
                    0.34718100890207715,
                    0.25667655786350146,
                    0.21068249258160238,
                    0.18545994065281898
                ],
                "init_position_prior": 0.09523809523809523
            },
            {
                "centroid": [
                    270.0,
                    180.0
                ],
                "x_limits": [
                    180,
                    360
                ],
                "y_limits": [
                    120,
                    240
                ],
                "motion_vectors": [
                    [
                        -0.9737387620063072,
                        0.26804037297310157
                    ],
                    [
                        -0.4276592615315298,
                        0.6305824672476159
                    ],
                    [
                        -0.5230507510137596,
                        -0.6921558901408512
                    ],
                    [
                        -0.2963084675344621,
                        -0.07139142162280254
                    ]
                ],
                "transition_matrix": [
                    [
                        0.3972642191393288,
                        0.27263010791416,
                        0.1985063733123092,
                        0.13159929963420208
                    ],
                    [
                        0.3972604688486923,
                        0.2726459729761231,
                        0.19850473339507407,
                        0.13158882478011036
                    ],
                    [
                        0.39726222402770345,
                        0.2726483811965688,
                        0.19850397802049627,
                        0.13158541675523147
                    ],
                    [
                        0.3972640530665749,
                        0.2726508352830712,
                        0.198501438423759,
                        0.13158367322659498
                    ]
                ],
                "motion_vectors_variance": [
                    0.7022327671551776,
                    0.9792713598683106,
                    0.82280827107751,
                    1.2497634792120882
                ],
                "motion_vectors_priors": [
                    0.38317757009345793,
                    0.22429906542056074,
                    0.205607476635514,
                    0.18691588785046728
                ],
                "init_position_prior": 0.0
            },
            {
                "centroid": [
                    270.0,
                    300.0
                ],
                "x_limits": [
                    180,
                    360
                ],
                "y_limits": [
                    240,
                    360
                ],
                "motion_vectors": [
                    [
                        0.2993842636917824,
                        -1.6234789993926793
                    ],
                    [
                        1.3190124970727275,
                        -0.04949436153871323
                    ],
                    [
                        -3.5806365568172946,
                        -0.4213225884062933
                    ],
                    [
                        2.010910711759004,
                        -1.6777748784717796
                    ]
                ],
                "transition_matrix": [
                    [
                        0.3972642459912802,
                        0.27263015147516434,
                        0.19850637720623646,
                        0.13159922532731894
                    ],
                    [
                        0.3972604817331321,
                        0.27264599234756887,
                        0.19850473533959212,
                        0.13158879057970688
                    ],
                    [
                        0.3972622307751191,
                        0.27264839134516156,
                        0.19850397907641593,
                        0.1315853988033034
                    ],
                    [
                        0.3972640559806764,
                        0.2726508396706339,
                        0.19850143892409655,
                        0.1315836654245932
                    ]
                ],
                "motion_vectors_variance": [
                    3.167972927952585,
                    3.345851230574344,
                    2.1212197446572394,
                    3.042120151914723
                ],
                "motion_vectors_priors": [
                    0.4089285714285714,
                    0.2785714285714286,
                    0.1625,
                    0.15
                ],
                "init_position_prior": 0.0
            },
            {
                "centroid": [
                    270.0,
                    420.0
                ],
                "x_limits": [
                    180,
                    360
                ],
                "y_limits": [
                    360,
                    480
                ],
                "motion_vectors": [
                    [
                        1.999431489873974,
                        -0.66533483779738
                    ],
                    [
                        1.852546955857674,
                        -0.4022676054043267
                    ],
                    [
                        1.6389918210384093,
                        0.4517377680586388
                    ],
                    [
                        0.5445269116834193,
                        0.2602567674558094
                    ]
                ],
                "transition_matrix": [
                    [
                        0.3972671591786263,
                        0.2726346557658208,
                        0.1985068222393313,
                        0.13159136281622158
                    ],
                    [
                        0.39726338200459727,
                        0.2726504938525216,
                        0.19850517745324847,
                        0.13158094668963258
                    ],
                    [
                        0.39726512761885785,
                        0.2726528887104002,
                        0.19850442005168417,
                        0.13157756361905762
                    ],
                    [
                        0.39726695091341846,
                        0.27265533475502035,
                        0.19850187873593714,
                        0.13157583559562405
                    ]
                ],
                "motion_vectors_variance": [
                    4.613883778889283,
                    5.334639557572462,
                    1.077323709396312,
                    23.497522099820035
                ],
                "motion_vectors_priors": [
                    0.5579352004393191,
                    0.19989017023613398,
                    0.16199890170236134,
                    0.08017572762218561
                ],
                "init_position_prior": 0.11904761904761904
            }
        ],
        [
            {
                "centroid": [
                    450.0,
                    60.0
                ],
                "x_limits": [
                    360,
                    540
                ],
                "y_limits": [
                    0,
                    120
                ],
                "motion_vectors": [
                    [
                        -0.6442692627107491,
                        -6.443448905872522
                    ],
                    [
                        -1.5272749520705575,
                        -1.1236130187835256
                    ],
                    [
                        -3.75721970753727,
                        -0.5269815657316597
                    ],
                    [
                        -0.00265664208163946,
                        0.0337350365864207
                    ]
                ],
                "transition_matrix": [
                    [
                        0.3974471832856618,
                        0.2729133690385265,
                        0.19853429355716293,
                        0.13110515411864876
                    ],
                    [
                        0.39744396736819143,
                        0.27293078631116363,
                        0.19853270163737605,
                        0.13109254468326895
                    ],
                    [
                        0.3974460231926605,
                        0.2729337807018282,
                        0.1985319599799613,
                        0.13108823612555015
                    ],
                    [
                        0.39744806437695757,
                        0.27293663404321644,
                        0.19852940195828758,
                        0.13108589962153838
                    ]
                ],
                "motion_vectors_variance": [
                    1.3603277826321438,
                    0.943615091424342,
                    0.7981840697896158,
                    45.603874860319024
                ],
                "motion_vectors_priors": [
                    0.3783783783783784,
                    0.36486486486486486,
                    0.23938223938223938,
                    0.017374517374517374
                ],
                "init_position_prior": 0.14285714285714285
            },
            {
                "centroid": [
                    450.0,
                    180.0
                ],
                "x_limits": [
                    360,
                    540
                ],
                "y_limits": [
                    120,
                    240
                ],
                "motion_vectors": [
                    [
                        -1.39706990172047,
                        0.45346506966778677
                    ],
                    [
                        -0.7338077005211495,
                        0.35874794493560447
                    ],
                    [
                        -3.4492557923552774,
                        0.0031766825453021508
                    ],
                    [
                        0.8569829321419516,
                        -0.11455327833819681
                    ]
                ],
                "transition_matrix": [
                    [
                        0.39745014818298524,
                        0.2729179565613868,
                        0.19853474659148118,
                        0.13109714866414676
                    ],
                    [
                        0.39744689235068514,
                        0.2729353248081387,
                        0.19853314794961524,
                        0.13108463489156097
                    ],
                    [
                        0.3974489329937129,
                        0.27293829734427755,
                        0.19853240344410394,
                        0.13108036621790561
                    ],
                    [
                        0.39745096493515847,
                        0.27294113735133735,
                        0.1985298431922831,
                        0.13107805452122118
                    ]
                ],
                "motion_vectors_variance": [
                    2.9826234291734157,
                    3.427411241496002,
                    3.1948478915007317,
                    24.612653865706974
                ],
                "motion_vectors_priors": [
                    0.39274924471299094,
                    0.24773413897280966,
                    0.2054380664652568,
                    0.1540785498489426
                ],
                "init_position_prior": 0.0
            },
            {
                "centroid": [
                    450.0,
                    300.0
                ],
                "x_limits": [
                    360,
                    540
                ],
                "y_limits": [
                    240,
                    360
                ],
                "motion_vectors": [
                    [
                        1.4625230331850692,
                        -0.012657438406429574
                    ],
                    [
                        1.5580690721568091,
                        -0.033019276947759815
                    ],
                    [
                        1.5922863036807682,
                        -0.034979740074741805
                    ],
                    [
                        1.0467501481450294,
                        0.04585509212431386
                    ]
                ],
                "transition_matrix": [
                    [
                        0.3974501791112423,
                        0.27291800491713364,
                        0.1985347512670744,
                        0.13109706470454957
                    ],
                    [
                        0.3974469069248872,
                        0.27293534728974844,
                        0.19853315016758513,
                        0.13108459561777927
                    ],
                    [
                        0.3974489406941923,
                        0.272938309220142,
                        0.19853240462345487,
                        0.1310803454622108
                    ],
                    [
                        0.397450968306062,
                        0.2729411425520044,
                        0.19852984371563343,
                        0.13107804542630017
                    ]
                ],
                "motion_vectors_variance": [
                    1.9481460447311123,
                    0.889022932300245,
                    0.8461611528092848,
                    1.4346343122180714
                ],
                "motion_vectors_priors": [
                    0.40691489361702127,
                    0.2670212765957447,
                    0.25,
                    0.07606382978723404
                ],
                "init_position_prior": 0.16666666666666666
            },
            {
                "centroid": [
                    450.0,
                    420.0
                ],
                "x_limits": [
                    360,
                    540
                ],
                "y_limits": [
                    360,
                    480
                ],
                "motion_vectors": [
                    [
                        -0.11202310565373191,
                        -0.3737693639141633
                    ],
                    [
                        0.831192217717363,
                        -0.003617852278086253
                    ],
                    [
                        2.485857562680396,
                        -0.6281507816393869
                    ],
                    [
                        0.11328030526895683,
                        -0.010031523812665998
                    ]
                ],
                "transition_matrix": [
                    [
                        0.3974473531882947,
                        0.2729136273758032,
                        0.1985343201577811,
                        0.13110469927812096
                    ],
                    [
                        0.3974440471999581,
                        0.27293090755029786,
                        0.19853271431336103,
                        0.13109233093638306
                    ],
                    [
                        0.3974460658724584,
                        0.27293384398544857,
                        0.198531966941105,
                        0.13108812320098806
                    ],
                    [
                        0.39744808358222283,
                        0.2729366607458713,
                        0.19852940529804705,
                        0.13108585037385886
                    ]
                ],
                "motion_vectors_variance": [
                    1.6278799517404248,
                    0.8887531442226266,
                    0.8948089985259376,
                    1.8812329737426408
                ],
                "motion_vectors_priors": [
                    0.28297872340425534,
                    0.26382978723404255,
                    0.250354609929078,
                    0.2028368794326241
                ],
                "init_position_prior": 0.11904761904761904
            }
        ],
        [
            {
                "centroid": [
                    630.0,
                    60.0
                ],
                "x_limits": [
                    540,
                    720
                ],
                "y_limits": [
                    0,
                    120
                ],
                "motion_vectors": [
                    [
                        0.41503627532750076,
                        0.36011370455051644
                    ],
                    [
                        0.3458303136740018,
                        0.4977433426786588
                    ],
                    [
                        -2.5475796981911465,
                        1.9262971460296996
                    ],
                    [
                        -2.4609929489236575,
                        0.35366844575627343
                    ]
                ],
                "transition_matrix": [
                    [
                        0.3975648362668853,
                        0.273095521694564,
                        0.19855224247748923,
                        0.1307873995610614
                    ],
                    [
                        0.3975620141384729,
                        0.2731140104367202,
                        0.1985506893631381,
                        0.13077328606166877
                    ],
                    [
                        0.39756428403094113,
                        0.2731174145234373,
                        0.19854995974789705,
                        0.1307683416977245
                    ],
                    [
                        0.3975664749316315,
                        0.27312054561954624,
                        0.198547391922833,
                        0.13076558752598916
                    ]
                ],
                "motion_vectors_variance": [
                    18.48267200510454,
                    38.90953815514481,
                    7.332904707124094,
                    25.275063129300097
                ],
                "motion_vectors_priors": [
                    0.45098039215686275,
                    0.3333333333333333,
                    0.11764705882352941,
                    0.09803921568627451
                ],
                "init_position_prior": 0.0
            },
            {
                "centroid": [
                    630.0,
                    180.0
                ],
                "x_limits": [
                    540,
                    720
                ],
                "y_limits": [
                    120,
                    240
                ],
                "motion_vectors": [
                    [
                        -3.939732203120422,
                        0.049744159791176135
                    ],
                    [
                        -11.676691412497473,
                        -0.7203573336166836
                    ],
                    [
                        1.8413122455318132,
                        -0.015562330923604137
                    ],
                    [
                        -5.960394906411786,
                        -0.010478672286581295
                    ]
                ],
                "transition_matrix": [
                    [
                        0.3975715230230495,
                        0.27310587322581636,
                        0.19855326277128826,
                        0.13076934097984588
                    ],
                    [
                        0.3975686913176639,
                        0.2731243729802199,
                        0.19855170700399954,
                        0.13075522869811657
                    ],
                    [
                        0.39757096007641274,
                        0.2731277796821883,
                        0.19855097605654926,
                        0.13075028418484977
                    ],
                    [
                        0.3975731511019542,
                        0.2731309135487464,
                        0.19854840640924903,
                        0.13074752894005032
                    ]
                ],
                "motion_vectors_variance": [
                    2.8430784098320037,
                    2.789514310252577,
                    2.772029476256192,
                    35.25294016089747
                ],
                "motion_vectors_priors": [
                    0.4666666666666667,
                    0.3087719298245614,
                    0.11228070175438597,
                    0.11228070175438597
                ],
                "init_position_prior": 0.07142857142857142
            },
            {
                "centroid": [
                    630.0,
                    300.0
                ],
                "x_limits": [
                    540,
                    720
                ],
                "y_limits": [
                    240,
                    360
                ],
                "motion_vectors": [
                    [
                        -0.27982459455233333,
                        -0.19542197916326834
                    ],
                    [
                        0.3243919614540624,
                        0.20265597229673812
                    ],
                    [
                        1.131096058781588,
                        0.33392966308146077
                    ],
                    [
                        -0.7974318639654149,
                        -0.03612480765434746
                    ]
                ],
                "transition_matrix": [
                    [
                        0.3975715239130951,
                        0.273105876928682,
                        0.19855326266858112,
                        0.13076933648964192
                    ],
                    [
                        0.3975686919650155,
                        0.27312437325051553,
                        0.1985517070800386,
                        0.13075522770443046
                    ],
                    [
                        0.3975709603297709,
                        0.273127779692049,
                        0.19855097612868677,
                        0.1307502838494932
                    ],
                    [
                        0.397573151182411,
                        0.27313091351220387,
                        0.1985484064892143,
                        0.13074752881617083
                    ]
                ],
                "motion_vectors_variance": [
                    3.226703500942489,
                    0.6988484452119607,
                    0.9959192664217378,
                    7.110793083448004
                ],
                "motion_vectors_priors": [
                    0.37168141592920356,
                    0.27728613569321536,
                    0.2743362831858407,
                    0.07669616519174041
                ],
                "init_position_prior": 0.0
            },
            {
                "centroid": [
                    630.0,
                    420.0
                ],
                "x_limits": [
                    540,
                    720
                ],
                "y_limits": [
                    360,
                    480
                ],
                "motion_vectors": [
                    [
                        0.056335780833057014,
                        -0.2294382094937777
                    ],
                    [
                        0.0492536980025935,
                        -0.1936575955979949
                    ],
                    [
                        0.11666975096385734,
                        -0.21730170596745785
                    ],
                    [
                        0.08019492661978288,
                        -0.0420355631848357
                    ]
                ],
                "transition_matrix": [
                    [
                        0.3975649627331702,
                        0.27309571675572414,
                        0.19855226200065124,
                        0.13078705851045452
                    ],
                    [
                        0.39756207389729825,
                        0.273114100070694,
                        0.1985506988492069,
                        0.1307731271828008
                    ],
                    [
                        0.3975643159006104,
                        0.27311746110539203,
                        0.1985499650162959,
                        0.1307682579777015
                    ],
                    [
                        0.39756648927784993,
                        0.27312056517695815,
                        0.19854739453263162,
                        0.13076555101256032
                    ]
                ],
                "motion_vectors_variance": [
                    0.2555614973720359,
                    0.2833366785910397,
                    0.2539265016758651,
                    0.2911802518266496
                ],
                "motion_vectors_priors": [
                    0.4315605928509154,
                    0.2728857890148213,
                    0.17698343504795117,
                    0.11857018308631212
                ],
                "init_position_prior": 0.047619047619047616
            }
        ]
    ]
}